HBBA002|(1, 2, 3, 4, 5, 6, 7, 8, 10, 20, 30, 40, 51, 52, 53, 54, 55, 61, 62, 63, 64, 65, 71, 72, 73, 74, 75, 81, 82, 83, 84, 85)
HBBA003|(1, 2, 3, 4, 5, 6, 7, 8, 10, 20, 30, 40, 51, 52, 53, 54, 55, 61, 62, 63, 64, 65, 71, 72, 73, 74, 75, 81, 82, 83, 84, 85)
HBBA004|(1, 2, 3, 4, 5, 6, 7, 8, 10, 20, 30, 40, 51, 52, 53, 54, 55, 61, 62, 63, 64, 65, 71, 72, 73, 74, 75, 81, 82, 83, 84, 85)
HBBD001|(3, 4, 5, 6, 7, 8, 11, 12, 13, 14, 16, 17, 18, 21, 22, 23, 24, 26, 27, 28, 31, 32, 33, 36, 37, 38, 41, 42, 43, 46, 47, 48, 51, 52, 53, 54, 55, 61, 62, 63, 64, 65, 71, 72, 73, 74, 75, 81, 82, 83, 84, 85)
HBBD002|(1, 2, 3, 4, 5, 6, 7, 8, 10, 11, 12, 13, 14, 15, 20, 21, 22, 23, 24, 25, 30, 31, 32, 33, 34, 35, 40, 41, 42, 43, 44, 45, 51, 52, 53, 54, 55, 61, 62, 63, 64, 65, 71, 72, 73, 74, 75, 81, 82, 83, 84, 85)
HBBD003|(1, 2, 3, 4, 5, 6, 7, 8, 10, 14, 15, 16, 17, 18, 20, 24, 25, 26, 27, 28, 30, 34, 35, 36, 37, 38, 40, 44, 45, 46, 47, 48, 51, 52, 53, 54, 55, 61, 62, 63, 64, 65, 71, 72, 73, 74, 75, 81, 82, 83, 84, 85)
HBBD004|(11, 12, 13, 14, 15, 18, 21, 22, 23, 24, 25, 28, 31, 32, 33, 34, 35, 38, 41, 42, 43, 44, 45, 48, 51, 52, 53, 54, 55, 61, 62, 63, 64, 65, 71, 72, 73, 74, 75, 81, 82, 83, 84, 85)
HBBD005|(11, 12, 13, 14, 15, 18, 21, 22, 23, 24, 25, 28, 31, 32, 33, 34, 35, 38, 41, 42, 43, 44, 45, 48, 51, 52, 53, 54, 55, 61, 62, 63, 64, 65, 71, 72, 73, 74, 75, 81, 82, 83, 84, 85)
HBBD006|(11, 12, 13, 14, 15, 18, 21, 22, 23, 24, 25, 28, 31, 32, 33, 34, 35, 38, 41, 42, 43, 44, 45, 48, 51, 52, 53, 54, 55, 61, 62, 63, 64, 65, 71, 72, 73, 74, 75, 81, 82, 83, 84, 85)
HBBD007|(11, 12, 13, 14, 15, 18, 21, 22, 23, 24, 25, 28, 31, 32, 33, 34, 35, 38, 41, 42, 43, 44, 45, 48, 51, 52, 53, 54, 55, 61, 62, 63, 64, 65, 71, 72, 73, 74, 75, 81, 82, 83, 84, 85)
HBBD039|(11, 12, 13, 14, 15, 18, 21, 22, 23, 24, 25, 28, 31, 32, 33, 34, 35, 38, 41, 42, 43, 44, 45, 48, 51, 52, 53, 54, 55, 61, 62, 63, 64, 65, 71, 72, 73, 74, 75, 81, 82, 83, 84, 85)
HBBD098|(11, 12, 13, 14, 15, 18, 21, 22, 23, 24, 25, 28, 31, 32, 33, 34, 35, 38, 41, 42, 43, 44, 45, 48, 51, 52, 53, 54, 55, 61, 62, 63, 64, 65, 71, 72, 73, 74, 75, 81, 82, 83, 84, 85)
HBBD234|(11, 12, 13, 15, 16, 17, 18, 21, 22, 23, 25, 26, 27, 28, 31, 32, 33, 34, 35, 36, 37, 38, 41, 42, 43, 44, 45, 46, 47, 48, 51, 52, 53, 54, 55, 61, 62, 63, 64, 65, 71, 72, 73, 74, 75, 81, 82, 83, 84, 85)
HBBD404|(11, 12, 13, 14, 15, 18, 21, 22, 23, 24, 25, 28, 31, 32, 33, 34, 35, 38, 41, 42, 43, 44, 45, 48, 51, 52, 53, 54, 55, 61, 62, 63, 64, 65, 71, 72, 73, 74, 75, 81, 82, 83, 84, 85)
HBBD427|(11, 12, 13, 14, 15, 18, 21, 22, 23, 24, 25, 28, 31, 32, 33, 34, 35, 38, 41, 42, 43, 44, 45, 48, 51, 52, 53, 54, 55, 61, 62, 63, 64, 65, 71, 72, 73, 74, 75, 81, 82, 83, 84, 85)
HBED001|(1, 2, 3, 4, 5, 6, 7, 8, 10, 20, 30, 40, 51, 52, 53, 54, 55, 61, 62, 63, 64, 65, 71, 72, 73, 74, 75, 81, 82, 83, 84, 85)
HBED003|(1, 2, 3, 4, 5, 6, 7, 8, 10, 20, 30, 40, 51, 52, 53, 54, 55, 61, 62, 63, 64, 65, 71, 72, 73, 74, 75, 81, 82, 83, 84, 85)
HBED021|(1, 2, 3, 4, 5, 6, 7, 8, 10, 20, 30, 40, 51, 52, 53, 54, 55, 61, 62, 63, 64, 65, 71, 72, 73, 74, 75, 81, 82, 83, 84, 85)
HBED022|(1, 2, 3, 4, 5, 6, 7, 8, 10, 20, 30, 40, 51, 52, 53, 54, 55, 61, 62, 63, 64, 65, 71, 72, 73, 74, 75, 81, 82, 83, 84, 85)
HBED023|(1, 2, 3, 4, 5, 6, 7, 8, 10, 20, 30, 40, 51, 52, 53, 54, 55, 61, 62, 63, 64, 65, 71, 72, 73, 74, 75, 81, 82, 83, 84, 85)
HBED024|(1, 2, 10, 11, 12, 13, 14, 15, 16, 17, 18, 20, 21, 22, 23, 24, 25, 26, 27, 28, 30, 31, 32, 33, 34, 35, 36, 37, 38, 40, 41, 42, 43, 44, 45, 46, 47, 48)
HBFA007|(1, 2, 10, 20, 30, 40, 51, 52, 53, 54, 55, 61, 62, 63, 64, 65, 71, 72, 73, 74, 75, 81, 82, 83, 84, 85)
HBFD001|(1, 2, 3, 4, 5, 6, 7, 8, 10, 14, 15, 16, 17, 18, 20, 24, 25, 26, 27, 28, 30, 34, 35, 36, 37, 38, 40, 44, 45, 46, 47, 48, 51, 52, 53, 54, 55, 61, 62, 63, 64, 65, 71, 72, 73, 74, 75, 81, 82, 83, 84, 85)
HBFD003|(3, 4, 5, 6, 7, 8, 11, 12, 13, 14, 16, 17, 18, 21, 22, 23, 24, 26, 27, 28, 31, 32, 33, 36, 37, 38, 41, 42, 43, 46, 47, 48, 51, 52, 53, 54, 55, 61, 62, 63, 64, 65, 71, 72, 73, 74, 75, 81, 82, 83, 84, 85)
HBFD006|(1, 2, 3, 4, 5, 6, 7, 8, 10, 11, 12, 13, 14, 15, 16, 17, 18, 20, 21, 22, 23, 24, 25, 26, 27, 28, 30, 31, 32, 33, 34, 35, 36, 37, 38, 40, 41, 42, 43, 44, 45, 46, 47, 48)
HBFD008|(1, 2, 3, 4, 5, 6, 7, 8, 10, 11, 12, 13, 14, 15, 20, 21, 22, 23, 24, 25, 30, 31, 32, 33, 34, 35, 40, 41, 42, 43, 44, 45, 51, 52, 53, 54, 55, 61, 62, 63, 64, 65, 71, 72, 73, 74, 75, 81, 82, 83, 84, 85)
HBFD010|(1, 2, 3, 4, 5, 6, 7, 8, 10, 20, 30, 40)
HBFD015|(1, 2, 3, 4, 5, 6, 7, 8, 10, 11, 12, 13, 14, 15, 16, 17, 18, 20, 21, 22, 23, 24, 25, 26, 27, 28, 30, 31, 32, 33, 34, 35, 36, 37, 38, 40, 41, 42, 43, 44, 45, 46, 47, 48, 54, 55, 64, 65, 74, 75, 84, 85)
HBFD017|(1, 2, 3, 4, 5, 6, 7, 8, 10, 11, 12, 13, 14, 15, 16, 17, 18, 20, 21, 22, 23, 24, 25, 26, 27, 28, 30, 31, 32, 33, 34, 35, 36, 37, 38, 40, 41, 42, 43, 44, 45, 46, 47, 48, 54, 55, 64, 65, 74, 75, 84, 85)
HBFD019|(3, 4, 5, 6, 7, 8, 11, 12, 13, 14, 15, 16, 17, 18, 21, 22, 23, 24, 25, 26, 27, 28, 31, 32, 33, 34, 35, 36, 37, 38, 41, 42, 43, 44, 45, 46, 47, 48, 51, 52, 53, 61, 62, 63, 71, 72, 73, 81, 82, 83)
HBFD021|(11, 12, 13, 15, 16, 17, 18, 21, 22, 23, 25, 26, 27, 28, 31, 32, 33, 34, 35, 36, 37, 38, 41, 42, 43, 44, 45, 46, 47, 48, 51, 52, 53, 54, 55, 61, 62, 63, 64, 65, 71, 72, 73, 74, 75, 81, 82, 83, 84, 85)
HBFD024|(1, 2, 3, 4, 5, 6, 7, 8, 10, 11, 12, 13, 14, 15, 20, 21, 22, 23, 24, 25, 30, 31, 32, 33, 34, 35, 40, 41, 42, 43, 44, 45, 51, 52, 53, 54, 55, 61, 62, 63, 64, 65, 71, 72, 73, 74, 75, 81, 82, 83, 84, 85)
HBFD033|(1, 2, 3, 4, 5, 6, 7, 8, 10, 14, 15, 16, 17, 18, 20, 24, 25, 26, 27, 28, 30, 34, 35, 36, 37, 38, 40, 44, 45, 46, 47, 48, 51, 52, 53, 54, 55, 61, 62, 63, 64, 65, 71, 72, 73, 74, 75, 81, 82, 83, 84, 85)
HBFD035|(3, 4, 5, 6, 7, 8, 11, 12, 13, 14, 16, 17, 18, 21, 22, 23, 24, 26, 27, 28, 31, 32, 33, 36, 37, 38, 41, 42, 43, 46, 47, 48, 51, 52, 53, 54, 55, 61, 62, 63, 64, 65, 71, 72, 73, 74, 75, 81, 82, 83, 84, 85)
HBFD150|(3, 4, 5, 6, 7, 8, 11, 12, 13, 14, 15, 21, 22, 23, 24, 25, 31, 32, 33, 34, 35, 41, 42, 43, 44, 45, 51, 52, 53, 54, 55, 61, 62, 63, 64, 65, 71, 72, 73, 74, 75, 81, 82, 83, 84, 85)
HBFD297|(11, 12, 13, 15, 16, 17, 18, 21, 22, 23, 25, 26, 27, 28, 31, 32, 33, 34, 35, 36, 37, 38, 41, 42, 43, 44, 45, 46, 47, 48, 51, 52, 53, 54, 55, 61, 62, 63, 64, 65, 71, 72, 73, 74, 75, 81, 82, 83, 84, 85)
HBFD326|(3, 4, 5, 6, 7, 8, 11, 12, 13, 14, 16, 17, 18, 21, 22, 23, 24, 26, 27, 28, 31, 32, 33, 36, 37, 38, 41, 42, 43, 46, 47, 48, 51, 52, 53, 54, 55, 61, 62, 63, 64, 65, 71, 72, 73, 74, 75, 81, 82, 83, 84, 85)
HBFD395|(11, 12, 13, 15, 16, 17, 18, 21, 22, 23, 25, 26, 27, 28, 31, 32, 33, 34, 35, 36, 37, 38, 41, 42, 43, 44, 45, 46, 47, 48, 51, 52, 53, 54, 55, 61, 62, 63, 64, 65, 71, 72, 73, 74, 75, 81, 82, 83, 84, 85)
HBFD458|(1, 2, 3, 4, 5, 6, 7, 8, 10, 14, 15, 16, 17, 18, 20, 24, 25, 26, 27, 28, 30, 34, 35, 36, 37, 38, 40, 44, 45, 46, 47, 48, 51, 52, 53, 54, 55, 61, 62, 63, 64, 65, 71, 72, 73, 74, 75, 81, 82, 83, 84, 85)
HBFD474|(3, 4, 5, 6, 7, 8, 11, 12, 13, 14, 15, 16, 17, 18, 21, 22, 23, 24, 25, 26, 27, 28, 31, 32, 33, 34, 35, 36, 37, 38, 41, 42, 43, 44, 45, 46, 47, 48, 51, 52, 53, 61, 62, 63, 71, 72, 73, 81, 82, 83)
HBGB002|(3, 4, 5, 6, 7, 8, 11, 12, 13, 16, 17, 18, 21, 22, 23, 26, 27, 28, 31, 32, 33, 36, 37, 38, 41, 42, 43, 46, 47, 48, 51, 52, 53, 54, 55, 61, 62, 63, 64, 65, 71, 72, 73, 74, 75, 81, 82, 83, 84, 85)
HBGB003|(1, 2, 3, 4, 5, 6, 7, 8, 10, 14, 15, 16, 17, 18, 20, 24, 25, 26, 27, 28, 30, 34, 35, 36, 37, 38, 40, 44, 45, 46, 47, 48, 51, 52, 53, 54, 55, 61, 62, 63, 64, 65, 71, 72, 73, 74, 75, 81, 82, 83, 84, 85)
HBGB004|(1, 2, 3, 4, 5, 6, 7, 8, 10, 11, 12, 13, 14, 15, 20, 21, 22, 23, 24, 25, 30, 31, 32, 33, 34, 35, 40, 41, 42, 43, 44, 45, 51, 52, 53, 54, 55, 61, 62, 63, 64, 65, 71, 72, 73, 74, 75, 81, 82, 83, 84, 85)
HBGB005|(1, 2, 3, 4, 5, 6, 7, 8, 10, 20, 30, 40, 51, 52, 53, 54, 55, 61, 62, 63, 64, 65, 71, 72, 73, 74, 75, 81, 82, 83, 84, 85)
HBGD002|(1, 2, 3, 4, 5, 6, 7, 8, 10, 20, 30, 40, 51, 52, 53, 54, 55, 61, 62, 63, 64, 65, 71, 72, 73, 74, 75, 81, 82, 83, 84, 85)
HBGD003|(1, 2, 10, 20, 30, 40, 51, 52, 53, 54, 55, 61, 62, 63, 64, 65, 71, 72, 73, 74, 75, 81, 82, 83, 84, 85)
HBGD004|(11, 12, 13, 14, 15, 16, 17, 18, 21, 22, 23, 24, 25, 26, 27, 28, 31, 32, 33, 34, 35, 36, 37, 41, 42, 43, 44, 45, 46, 47, 51, 52, 53, 54, 55, 61, 62, 63, 64, 65, 71, 72, 73, 74, 75, 81, 82, 83, 84, 85)
HBGD011|(1, 2, 3, 4, 5, 6, 7, 8, 10, 20, 30, 40, 51, 52, 53, 54, 55, 61, 62, 63, 64, 65, 71, 72, 73, 74, 75, 81, 82, 83, 84, 85)
HBGD014|(11, 12, 14, 15, 16, 17, 18, 21, 22, 24, 25, 26, 27, 28, 31, 32, 34, 35, 36, 37, 38, 41, 42, 44, 45, 46, 47, 48, 51, 52, 53, 54, 55, 61, 62, 63, 64, 65, 71, 72, 73, 74, 75, 81, 82, 83, 84, 85)
HBGD015|(11, 12, 14, 15, 16, 17, 18, 21, 22, 24, 25, 26, 27, 28, 31, 32, 34, 35, 36, 37, 38, 41, 42, 44, 45, 46, 47, 48, 51, 52, 53, 54, 55, 61, 62, 63, 64, 65, 71, 72, 73, 74, 75, 81, 82, 83, 84, 85)
HBGD016|(1, 2, 3, 4, 5, 6, 7, 8, 10, 20, 30, 40)
HBGD017|(1, 2, 10, 20, 30, 40)
HBGD018|(11, 12, 13, 14, 15, 16, 17, 21, 22, 23, 24, 25, 26, 27, 31, 32, 33, 34, 35, 36, 37, 38, 41, 42, 43, 44, 45, 46, 47, 48, 51, 52, 53, 54, 55, 61, 62, 63, 64, 65, 71, 72, 73, 74, 75, 81, 82, 83, 84, 85)
HBGD021|(11, 12, 13, 14, 15, 16, 17, 21, 22, 23, 24, 25, 26, 27, 31, 32, 33, 34, 35, 36, 37, 41, 42, 43, 44, 45, 46, 47, 51, 52, 53, 54, 55, 61, 62, 63, 64, 65, 71, 72, 73, 74, 75, 81, 82, 83, 84, 85)
HBGD022|(1, 2, 3, 4, 5, 6, 7, 8, 10, 20, 30, 40, 51, 52, 53, 54, 55, 61, 62, 63, 64, 65, 71, 72, 73, 74, 75, 81, 82, 83, 84, 85)
HBGD025|(11, 12, 13, 14, 15, 16, 17, 21, 22, 23, 24, 25, 26, 27, 31, 32, 33, 34, 35, 36, 37, 41, 42, 43, 44, 45, 46, 47, 51, 52, 53, 54, 55, 61, 62, 63, 64, 65, 71, 72, 73, 74, 75, 81, 82, 83, 84, 85)
HBGD026|(1, 2, 3, 4, 5, 6, 7, 8, 10, 11, 12, 13, 14, 15, 16, 17, 18, 20, 21, 22, 23, 24, 25, 26, 27, 28, 30, 31, 32, 33, 34, 35, 36, 37, 38, 40, 41, 42, 43, 44, 45, 46, 47, 48)
HBGD027|(1, 2, 3, 4, 5, 6, 7, 8, 10, 20, 30, 40, 51, 52, 53, 54, 55, 61, 62, 63, 64, 65, 71, 72, 73, 74, 75, 81, 82, 83, 84, 85)
HBGD028|(3, 4, 5, 6, 7, 8, 13, 14, 15, 16, 17, 18, 23, 24, 25, 26, 27, 28, 33, 34, 35, 36, 37, 38, 43, 44, 45, 46, 47, 48, 51, 52, 53, 54, 55, 61, 62, 63, 64, 65, 71, 72, 73, 74, 75, 81, 82, 83, 84, 85)
HBGD031|(1, 2, 3, 4, 5, 6, 7, 8, 10, 11, 12, 13, 20, 21, 22, 23, 30, 31, 32, 33, 34, 35, 40, 41, 42, 43, 44, 45, 51, 52, 53, 54, 55, 61, 62, 63, 64, 65, 71, 72, 73, 74, 75, 81, 82, 83, 84, 85)
HBGD032|(1, 2, 3, 4, 5, 6, 7, 8, 10, 11, 12, 13, 20, 21, 22, 23, 30, 31, 32, 33, 34, 35, 40, 41, 42, 43, 44, 45, 51, 52, 53, 54, 55, 61, 62, 63, 64, 65, 71, 72, 73, 74, 75, 81, 82, 83, 84, 85)
HBGD034|(1, 2, 3, 4, 5, 6, 7, 8, 10, 20, 30, 40, 51, 52, 53, 54, 55, 61, 62, 63, 64, 65, 71, 72, 73, 74, 75, 81, 82, 83, 84, 85)
HBGD035|(1, 2, 3, 4, 5, 6, 7, 8, 10, 11, 12, 13, 14, 15, 16, 17, 18, 20, 21, 22, 23, 24, 25, 26, 27, 28, 30, 31, 32, 33, 34, 35, 36, 37, 38, 40, 41, 42, 43, 44, 45, 46, 47, 48)
HBGD036|(1, 2, 3, 4, 5, 6, 7, 8, 10, 20, 30, 40, 51, 52, 53, 54, 55, 61, 62, 63, 64, 65, 71, 72, 73, 74, 75, 81, 82, 83, 84, 85)
HBGD037|(1, 2, 3, 4, 5, 6, 7, 8, 10, 11, 12, 13, 14, 15, 16, 17, 18, 20, 21, 22, 23, 24, 25, 26, 27, 28, 30, 31, 32, 33, 34, 35, 36, 37, 38, 40, 41, 42, 43, 44, 45, 46, 47, 48)
HBGD038|(11, 12, 13, 14, 15, 16, 17, 21, 22, 23, 24, 25, 26, 27, 31, 32, 33, 34, 35, 36, 37, 41, 42, 43, 44, 45, 46, 47, 51, 52, 53, 54, 55, 61, 62, 63, 64, 65, 71, 72, 73, 74, 75, 81, 82, 83, 84, 85)
HBGD039|(1, 2, 3, 4, 5, 6, 7, 8, 10, 20, 30, 40, 51, 52, 53, 54, 55, 61, 62, 63, 64, 65, 71, 72, 73, 74, 75, 81, 82, 83, 84, 85)
HBGD040|(1, 2, 10, 11, 12, 13, 14, 15, 16, 17, 18, 20, 21, 22, 23, 24, 25, 26, 27, 28, 30, 31, 32, 33, 34, 35, 36, 37, 38, 40, 41, 42, 43, 44, 45, 46, 47, 48, 51, 52, 53, 54, 55, 61, 62, 63, 64, 65, 71, 72, 73, 74, 75, 81, 82, 83, 84, 85)
HBGD042|(1, 2, 3, 4, 5, 6, 7, 8, 10, 11, 12, 13, 14, 15, 16, 17, 18, 20, 21, 22, 23, 24, 25, 26, 27, 28, 30, 31, 32, 33, 34, 35, 36, 37, 38, 40, 41, 42, 43, 44, 45, 46, 47, 48)
HBGD043|(1, 2, 3, 4, 5, 6, 7, 8, 10, 20, 30, 40, 51, 52, 53, 54, 55, 61, 62, 63, 64, 65, 71, 72, 73, 74, 75, 81, 82, 83, 84, 85)
HBGD044|(1, 2, 3, 4, 5, 6, 7, 8, 10, 20, 30, 40, 51, 52, 53, 54, 55, 61, 62, 63, 64, 65, 71, 72, 73, 74, 75, 81, 82, 83, 84, 85)
HBGD047|(3, 4, 5, 6, 7, 8, 11, 12, 13, 14, 15, 18, 21, 22, 23, 24, 25, 28, 31, 32, 33, 34, 35, 38, 41, 42, 43, 44, 45, 48, 51, 52, 53, 54, 55, 61, 62, 63, 64, 65, 71, 72, 73, 74, 75, 81, 82, 83, 84, 85)
HBGD054|(1, 2, 3, 4, 5, 6, 7, 8, 10, 11, 12, 13, 14, 15, 16, 17, 18, 20, 21, 22, 23, 24, 25, 26, 27, 28, 30, 31, 32, 33, 34, 35, 36, 37, 38, 40, 41, 42, 43, 44, 45, 46, 47, 48)
HBGD057|(1, 2, 3, 4, 5, 6, 7, 8, 10, 11, 12, 13, 14, 15, 16, 17, 18, 20, 21, 22, 23, 24, 25, 26, 27, 28, 30, 31, 32, 33, 34, 35, 36, 37, 38, 40, 41, 42, 43, 44, 45, 46, 47, 48)
HBGD060|(1, 2, 3, 4, 5, 6, 7, 8, 10, 20, 30, 40, 51, 52, 53, 54, 55, 61, 62, 63, 64, 65, 71, 72, 73, 74, 75, 81, 82, 83, 84, 85)
HBGD062|(1, 2, 3, 4, 5, 6, 7, 8, 10, 13, 14, 15, 16, 17, 18, 20, 23, 24, 25, 26, 27, 28, 30, 33, 34, 35, 36, 37, 38, 40, 43, 44, 45, 46, 47, 48, 51, 52, 53, 54, 55, 61, 62, 63, 64, 65, 71, 72, 73, 74, 75, 81, 82, 83, 84, 85)
HBGD064|(1, 2, 3, 4, 5, 6, 7, 8, 10, 20, 30, 40, 51, 52, 53, 54, 55, 61, 62, 63, 64, 65, 71, 72, 73, 74, 75, 81, 82, 83, 84, 85)
HBGD065|(1, 2, 3, 4, 5, 6, 7, 8, 10, 11, 12, 13, 14, 15, 16, 17, 18, 20, 21, 22, 23, 24, 25, 26, 27, 28, 30, 31, 32, 33, 34, 35, 36, 37, 38, 40, 41, 42, 43, 44, 45, 46, 47, 48)
HBGD067|(51, 52, 53, 54, 55, 61, 62, 63, 64, 65, 71, 72, 73, 74, 75, 81, 82, 83, 84, 85)
HBGD076|(1, 2, 3, 4, 5, 6, 7, 8, 10, 20, 30, 40, 51, 52, 53, 54, 55, 61, 62, 63, 64, 65, 71, 72, 73, 74, 75, 81, 82, 83, 84, 85)
HBGD078|(1, 2, 3, 4, 5, 6, 7, 8, 10, 20, 30, 40, 51, 52, 53, 54, 55, 61, 62, 63, 64, 65, 71, 72, 73, 74, 75, 81, 82, 83, 84, 85)
HBGD080|(1, 2, 10, 11, 12, 13, 14, 15, 16, 17, 18, 20, 21, 22, 23, 24, 25, 26, 27, 28, 30, 31, 32, 33, 34, 35, 36, 37, 38, 40, 41, 42, 43, 44, 45, 46, 47, 48, 51, 52, 53, 54, 55, 61, 62, 63, 64, 65, 71, 72, 73, 74, 75, 81, 82, 83, 84, 85)
HBGD093|(1, 2, 3, 4, 5, 6, 7, 8, 10, 11, 12, 13, 14, 15, 16, 17, 18, 20, 21, 22, 23, 24, 25, 26, 27, 28, 30, 31, 32, 33, 34, 35, 36, 37, 38, 40, 41, 42, 43, 44, 45, 46, 47, 48)
HBGD102|(1, 2, 3, 4, 5, 6, 7, 8, 10, 20, 30, 40)
HBGD105|(51, 52, 53, 54, 55, 61, 62, 63, 64, 65, 71, 72, 73, 74, 75, 81, 82, 83, 84, 85)
HBGD106|(1, 2, 3, 4, 5, 6, 7, 8, 10, 20, 30, 40, 51, 52, 53, 54, 55, 61, 62, 63, 64, 65, 71, 72, 73, 74, 75, 81, 82, 83, 84, 85)
HBGD111|(1, 2, 3, 4, 5, 6, 7, 8, 10, 11, 12, 13, 14, 15, 16, 17, 18, 20, 21, 22, 23, 24, 25, 26, 27, 28, 30, 31, 32, 33, 34, 35, 36, 37, 38, 40, 41, 42, 43, 44, 45, 46, 47, 48)
HBGD113|(1, 2, 3, 4, 5, 6, 7, 8, 10, 20, 30, 40)
HBGD117|(1, 2, 3, 4, 5, 6, 7, 8, 10, 11, 12, 13, 14, 15, 18, 20, 21, 22, 23, 24, 25, 28, 30, 31, 32, 33, 34, 35, 38, 40, 41, 42, 43, 44, 45, 48, 51, 52, 53, 54, 55, 61, 62, 63, 64, 65, 71, 72, 73, 74, 75, 81, 82, 83, 84, 85)
HBGD122|(1, 2, 3, 4, 5, 6, 7, 8, 10, 20, 30, 40)
HBGD123|(3, 4, 5, 6, 7, 8, 11, 12, 13, 14, 15, 16, 17, 18, 21, 22, 23, 24, 25, 26, 27, 28, 31, 32, 33, 34, 35, 36, 37, 38, 41, 42, 43, 44, 45, 46, 47, 48)
HBGD126|(1, 2, 3, 4, 5, 6, 7, 8, 10, 13, 14, 15, 16, 17, 18, 20, 23, 24, 25, 26, 27, 28, 30, 33, 34, 35, 36, 37, 38, 40, 43, 44, 45, 46, 47, 48, 51, 52, 53, 54, 55, 61, 62, 63, 64, 65, 71, 72, 73, 74, 75, 81, 82, 83, 84, 85)
HBGD133|(1, 2, 3, 4, 5, 6, 7, 8, 10, 11, 12, 13, 14, 15, 16, 17, 18, 20, 21, 22, 23, 24, 25, 26, 27, 28, 30, 31, 32, 33, 34, 35, 36, 37, 38, 40, 41, 42, 43, 44, 45, 46, 47, 48)
HBGD142|(1, 2, 3, 4, 5, 6, 7, 8, 10, 20, 30, 40, 51, 52, 53, 54, 55, 61, 62, 63, 64, 65, 71, 72, 73, 74, 75, 81, 82, 83, 84, 85)
HBGD145|(1, 2, 3, 4, 5, 6, 7, 8, 10, 11, 12, 14, 15, 16, 17, 18, 20, 21, 22, 24, 25, 26, 27, 28, 30, 31, 32, 34, 35, 36, 37, 38, 40, 41, 42, 44, 45, 46, 47, 48, 51, 52, 53, 54, 55, 61, 62, 63, 64, 65, 71, 72, 73, 74, 75, 81, 82, 83, 84, 85)
HBGD146|(1, 2, 3, 4, 5, 6, 7, 8, 10, 20, 30, 40, 51, 52, 53, 54, 55, 61, 62, 63, 64, 65, 71, 72, 73, 74, 75, 81, 82, 83, 84, 85)
HBGD148|(1, 2, 3, 4, 5, 6, 7, 8, 10, 13, 14, 15, 16, 17, 18, 20, 23, 24, 25, 26, 27, 28, 30, 33, 34, 35, 36, 37, 38, 40, 43, 44, 45, 46, 47, 48, 51, 52, 53, 54, 55, 61, 62, 63, 64, 65, 71, 72, 73, 74, 75, 81, 82, 83, 84, 85)
HBGD159|(1, 2, 3, 4, 5, 6, 7, 8, 10, 20, 30, 40)
HBGD160|(1, 2, 3, 4, 5, 6, 7, 8, 10, 20, 30, 40)
HBGD169|(1, 2, 3, 4, 5, 6, 7, 8, 10, 20, 30, 40, 51, 52, 53, 54, 55, 61, 62, 63, 64, 65, 71, 72, 73, 74, 75, 81, 82, 83, 84, 85)
HBGD171|(1, 2, 10, 20, 30, 40)
HBGD174|(1, 2, 3, 4, 5, 6, 7, 8, 10, 11, 12, 13, 14, 15, 16, 17, 18, 20, 21, 22, 23, 24, 25, 26, 27, 28, 30, 31, 32, 33, 34, 35, 36, 37, 38, 40, 41, 42, 43, 44, 45, 46, 47, 48)
HBGD181|(1, 2, 3, 4, 5, 6, 7, 8, 10, 11, 12, 13, 14, 15, 18, 20, 21, 22, 23, 24, 25, 28, 30, 31, 32, 33, 34, 35, 38, 40, 41, 42, 43, 44, 45, 48, 51, 52, 53, 54, 55, 61, 62, 63, 64, 65, 71, 72, 73, 74, 75, 81, 82, 83, 84, 85)
HBGD190|(1, 2, 10, 11, 12, 13, 14, 15, 16, 17, 18, 20, 21, 22, 23, 24, 25, 26, 27, 28, 30, 31, 32, 33, 34, 35, 36, 37, 38, 40, 41, 42, 43, 44, 45, 46, 47, 48, 51, 52, 53, 54, 55, 61, 62, 63, 64, 65, 71, 72, 73, 74, 75, 81, 82, 83, 84, 85)
HBGD191|(51, 52, 53, 54, 55, 61, 62, 63, 64, 65, 71, 72, 73, 74, 75, 81, 82, 83, 84, 85)
HBGD193|(51, 52, 53, 54, 55, 61, 62, 63, 64, 65, 71, 72, 73, 74, 75, 81, 82, 83, 84, 85)
HBGD197|(1, 2, 3, 4, 5, 6, 7, 8, 10, 20, 30, 40, 51, 52, 53, 54, 55, 61, 62, 63, 64, 65, 71, 72, 73, 74, 75, 81, 82, 83, 84, 85)
HBGD199|(1, 2, 3, 4, 5, 6, 7, 8, 10, 11, 12, 13, 16, 17, 18, 20, 21, 22, 23, 26, 27, 28, 30, 31, 32, 33, 36, 37, 38, 40, 41, 42, 43, 46, 47, 48, 51, 52, 53, 54, 55, 61, 62, 63, 64, 65, 71, 72, 73, 74, 75, 81, 82, 83, 84, 85)
HBGD201|(3, 4, 5, 6, 7, 8, 11, 12, 13, 14, 15, 16, 17, 18, 21, 22, 23, 24, 25, 26, 27, 28, 31, 32, 33, 34, 35, 36, 37, 38, 41, 42, 43, 44, 45, 46, 47, 48)
HBGD206|(1, 2, 3, 4, 5, 6, 7, 8, 10, 20, 30, 40)
HBGD210|(1, 2, 3, 4, 5, 6, 7, 8, 10, 11, 12, 13, 14, 15, 18, 20, 21, 22, 23, 24, 25, 28, 30, 31, 32, 33, 34, 35, 38, 40, 41, 42, 43, 44, 45, 48, 51, 52, 53, 54, 55, 61, 62, 63, 64, 65, 71, 72, 73, 74, 75, 81, 82, 83, 84, 85)
HBGD218|(1, 2, 3, 4, 5, 6, 7, 8, 10, 20, 30, 40)
HBGD231|(1, 2, 3, 4, 5, 6, 7, 8, 10, 20, 30, 40, 51, 52, 53, 54, 55, 61, 62, 63, 64, 65, 71, 72, 73, 74, 75, 81, 82, 83, 84, 85)
HBGD235|(51, 52, 53, 54, 55, 61, 62, 63, 64, 65, 71, 72, 73, 74, 75, 81, 82, 83, 84, 85)
HBGD245|(51, 52, 53, 54, 55, 61, 62, 63, 64, 65, 71, 72, 73, 74, 75, 81, 82, 83, 84, 85)
HBGD247|(1, 2, 3, 4, 5, 6, 7, 8, 10, 20, 30, 40, 51, 52, 53, 54, 55, 61, 62, 63, 64, 65, 71, 72, 73, 74, 75, 81, 82, 83, 84, 85)
HBGD258|(51, 52, 53, 54, 55, 61, 62, 63, 64, 65, 71, 72, 73, 74, 75, 81, 82, 83, 84, 85)
HBGD261|(51, 52, 53, 54, 55, 61, 62, 63, 64, 65, 71, 72, 73, 74, 75, 81, 82, 83, 84, 85)
HBGD262|(51, 52, 53, 54, 55, 61, 62, 63, 64, 65, 71, 72, 73, 74, 75, 81, 82, 83, 84, 85)
HBGD263|(1, 2, 3, 4, 5, 6, 7, 8, 10, 11, 12, 13, 14, 15, 16, 17, 18, 20, 21, 22, 23, 24, 25, 26, 27, 28, 30, 31, 32, 33, 34, 35, 36, 37, 38, 40, 41, 42, 43, 44, 45, 46, 47, 48)
HBGD278|(51, 52, 53, 54, 55, 61, 62, 63, 64, 65, 71, 72, 73, 74, 75, 81, 82, 83, 84, 85)
HBGD279|(1, 2, 3, 4, 5, 6, 7, 8, 10, 11, 12, 13, 16, 17, 18, 20, 21, 22, 23, 26, 27, 28, 30, 31, 32, 33, 36, 37, 38, 40, 41, 42, 43, 46, 47, 48, 51, 52, 53, 54, 55, 61, 62, 63, 64, 65, 71, 72, 73, 74, 75, 81, 82, 83, 84, 85)
HBGD280|(1, 2, 3, 4, 5, 6, 7, 8, 10, 11, 12, 13, 14, 15, 16, 17, 18, 20, 21, 22, 23, 24, 25, 26, 27, 28, 30, 31, 32, 33, 34, 35, 36, 37, 38, 40, 41, 42, 43, 44, 45, 46, 47, 48)
HBGD281|(1, 2, 10, 20, 30, 40)
HBGD282|(3, 4, 5, 6, 7, 8, 11, 12, 13, 14, 15, 16, 17, 18, 21, 22, 23, 24, 25, 26, 27, 28, 31, 32, 33, 34, 35, 36, 37, 38, 41, 42, 43, 44, 45, 46, 47, 48)
HBGD283|(3, 4, 5, 6, 7, 8, 10, 20, 30, 40)
HBGD284|(1, 2, 3, 4, 5, 6, 7, 8, 10, 11, 12, 13, 14, 15, 16, 17, 18, 20, 21, 22, 23, 24, 25, 26, 27, 28, 30, 31, 32, 33, 34, 35, 36, 37, 38, 40, 41, 42, 43, 44, 45, 46, 47, 48)
HBGD285|(51, 52, 53, 54, 55, 61, 62, 63, 64, 65, 71, 72, 73, 74, 75, 81, 82, 83, 84, 85)
HBGD287|(1, 2, 3, 4, 5, 6, 7, 8, 10, 20, 30, 40, 51, 52, 53, 54, 55, 61, 62, 63, 64, 65, 71, 72, 73, 74, 75, 81, 82, 83, 84, 85)
HBGD299|(1, 2, 3, 4, 5, 6, 7, 8, 10, 20, 30, 40)
HBGD300|(1, 2, 3, 4, 5, 6, 7, 8, 10, 20, 30, 40)
HBGD309|(1, 2, 3, 4, 5, 6, 7, 8, 10, 11, 12, 13, 14, 15, 16, 17, 18, 20, 21, 22, 23, 24, 25, 26, 27, 28, 30, 31, 32, 33, 34, 35, 36, 37, 38, 40, 41, 42, 43, 44, 45, 46, 47, 48)
HBGD311|(51, 52, 53, 54, 55, 61, 62, 63, 64, 65, 71, 72, 73, 74, 75, 81, 82, 83, 84, 85)
HBGD312|(1, 2, 3, 4, 5, 6, 7, 8, 10, 20, 30, 40, 51, 52, 53, 54, 55, 61, 62, 63, 64, 65, 71, 72, 73, 74, 75, 81, 82, 83, 84, 85)
HBGD316|(1, 2, 3, 4, 5, 6, 7, 8, 10, 11, 12, 13, 14, 15, 18, 20, 21, 22, 23, 24, 25, 28, 30, 31, 32, 33, 34, 35, 38, 40, 41, 42, 43, 44, 45, 48, 51, 52, 53, 54, 55, 61, 62, 63, 64, 65, 71, 72, 73, 74, 75, 81, 82, 83, 84, 85)
HBGD319|(1, 2, 3, 4, 5, 6, 7, 8, 10, 20, 30, 40, 51, 52, 53, 54, 55, 61, 62, 63, 64, 65, 71, 72, 73, 74, 75, 81, 82, 83, 84, 85)
HBGD322|(1, 2, 3, 4, 5, 6, 7, 8, 10, 20, 30, 40)
HBGD333|(1, 2, 3, 4, 5, 6, 7, 8, 10, 20, 30, 40, 51, 52, 53, 54, 55, 61, 62, 63, 64, 65, 71, 72, 73, 74, 75, 81, 82, 83, 84, 85)
HBGD338|(51, 52, 53, 54, 55, 61, 62, 63, 64, 65, 71, 72, 73, 74, 75, 81, 82, 83, 84, 85)
HBGD345|(51, 52, 53, 54, 55, 61, 62, 63, 64, 65, 71, 72, 73, 74, 75, 81, 82, 83, 84, 85)
HBGD349|(1, 2, 51, 52, 53, 54, 55, 61, 62, 63, 64, 65, 71, 72, 73, 74, 75, 81, 82, 83, 84, 85)
HBGD356|(1, 2, 3, 4, 5, 6, 7, 8, 10, 20, 30, 40, 51, 52, 53, 54, 55, 61, 62, 63, 64, 65, 71, 72, 73, 74, 75, 81, 82, 83, 84, 85)
HBGD358|(1, 2, 3, 4, 5, 6, 7, 8, 10, 20, 30, 40)
HBGD359|(1, 2, 3, 4, 5, 6, 7, 8, 10, 11, 12, 13, 16, 17, 18, 20, 21, 22, 23, 26, 27, 28, 30, 31, 32, 33, 36, 37, 38, 40, 41, 42, 43, 46, 47, 48, 51, 52, 53, 54, 55, 61, 62, 63, 64, 65, 71, 72, 73, 74, 75, 81, 82, 83, 84, 85)
HBGD362|(1, 2, 3, 4, 5, 6, 7, 8, 10, 11, 12, 13, 14, 15, 16, 17, 18, 20, 21, 22, 23, 24, 25, 26, 27, 28, 30, 31, 32, 33, 34, 35, 36, 37, 38, 40, 41, 42, 43, 44, 45, 46, 47, 48)
HBGD372|(1, 2, 3, 4, 5, 6, 7, 8, 10, 13, 14, 15, 16, 17, 18, 20, 23, 24, 25, 26, 27, 28, 30, 33, 34, 35, 36, 37, 38, 40, 43, 44, 45, 46, 47, 48, 51, 52, 53, 54, 55, 61, 62, 63, 64, 65, 71, 72, 73, 74, 75, 81, 82, 83, 84, 85)
HBGD374|(51, 52, 53, 54, 55, 61, 62, 63, 64, 65, 71, 72, 73, 74, 75, 81, 82, 83, 84, 85)
HBGD382|(1, 2, 3, 4, 5, 6, 7, 8, 10, 20, 30, 40, 51, 52, 53, 54, 55, 61, 62, 63, 64, 65, 71, 72, 73, 74, 75, 81, 82, 83, 84, 85)
HBGD385|(1, 2, 3, 4, 5, 6, 7, 8, 10, 11, 12, 13, 16, 17, 18, 20, 21, 22, 23, 26, 27, 28, 30, 31, 32, 33, 36, 37, 38, 40, 41, 42, 43, 46, 47, 48, 51, 52, 53, 54, 55, 61, 62, 63, 64, 65, 71, 72, 73, 74, 75, 81, 82, 83, 84, 85)
HBGD386|(3, 4, 5, 6, 7, 8, 11, 12, 13, 16, 17, 18, 21, 22, 23, 26, 27, 28, 31, 32, 33, 36, 37, 38, 41, 42, 43, 46, 47, 48, 51, 52, 53, 54, 55, 61, 62, 63, 64, 65, 71, 72, 73, 74, 75, 81, 82, 83, 84, 85)
HBGD396|(1, 2, 3, 4, 5, 6, 7, 8, 10, 20, 30, 40)
HBGD397|(1, 2, 10, 11, 12, 13, 14, 15, 16, 17, 18, 20, 21, 22, 23, 24, 25, 26, 27, 28, 30, 31, 32, 33, 34, 35, 36, 37, 38, 40, 41, 42, 43, 44, 45, 46, 47, 48, 51, 52, 53, 54, 55, 61, 62, 63, 64, 65, 71, 72, 73, 74, 75, 81, 82, 83, 84, 85)
HBGD402|(1, 2, 10, 20, 30, 40)
HBGD403|(1, 2, 3, 4, 5, 6, 7, 8, 10, 20, 30, 40)
HBGD414|(51, 52, 53, 54, 55, 61, 62, 63, 64, 65, 71, 72, 73, 74, 75, 81, 82, 83, 84, 85)
HBGD415|(1, 2, 3, 4, 5, 6, 7, 8, 10, 20, 30, 40, 51, 52, 53, 54, 55, 61, 62, 63, 64, 65, 71, 72, 73, 74, 75, 81, 82, 83, 84, 85)
HBGD416|(1, 2, 3, 4, 5, 6, 7, 8, 10, 11, 12, 14, 15, 16, 17, 18, 20, 21, 22, 24, 25, 26, 27, 28, 30, 31, 32, 34, 35, 36, 37, 38, 40, 41, 42, 44, 45, 46, 47, 48, 51, 52, 53, 54, 55, 61, 62, 63, 64, 65, 71, 72, 73, 74, 75, 81, 82, 83, 84, 85)
HBGD418|(51, 52, 53, 54, 55, 61, 62, 63, 64, 65, 71, 72, 73, 74, 75, 81, 82, 83, 84, 85)
HBGD420|(1, 2, 3, 4, 5, 6, 7, 8, 10, 20, 30, 40, 51, 52, 53, 54, 55, 61, 62, 63, 64, 65, 71, 72, 73, 74, 75, 81, 82, 83, 84, 85)
HBGD422|(1, 2, 3, 4, 5, 6, 7, 8, 10, 20, 30, 40, 51, 52, 53, 54, 55, 61, 62, 63, 64, 65, 71, 72, 73, 74, 75, 81, 82, 83, 84, 85)
HBGD430|(1, 2, 3, 4, 5, 6, 7, 8, 10, 13, 14, 15, 16, 17, 18, 20, 23, 24, 25, 26, 27, 28, 30, 33, 34, 35, 36, 37, 38, 40, 43, 44, 45, 46, 47, 48, 51, 52, 53, 54, 55, 61, 62, 63, 64, 65, 71, 72, 73, 74, 75, 81, 82, 83, 84, 85)
HBGD438|(1, 2, 3, 4, 5, 6, 7, 8, 10, 20, 30, 40)
HBGD441|(51, 52, 53, 54, 55, 61, 62, 63, 64, 65, 71, 72, 73, 74, 75, 81, 82, 83, 84, 85)
HBGD453|(1, 2, 3, 4, 5, 6, 7, 8, 10, 20, 30, 40)
HBGD459|(3, 4, 5, 6, 7, 8, 11, 12, 13, 16, 17, 18, 21, 22, 23, 26, 27, 28, 31, 32, 33, 36, 37, 38, 41, 42, 43, 46, 47, 48, 51, 52, 53, 54, 55, 61, 62, 63, 64, 65, 71, 72, 73, 74, 75, 81, 82, 83, 84, 85)
HBGD461|(51, 52, 53, 54, 55, 61, 62, 63, 64, 65, 71, 72, 73, 74, 75, 81, 82, 83, 84, 85)
HBGD462|(1, 2, 3, 4, 5, 6, 7, 8, 10, 11, 12, 13, 14, 15, 16, 17, 18, 20, 21, 22, 23, 24, 25, 26, 27, 28, 30, 31, 32, 33, 34, 35, 36, 37, 38, 40, 41, 42, 43, 44, 45, 46, 47, 48)
HBGD464|(1, 2, 3, 4, 5, 6, 7, 8, 10, 11, 12, 13, 14, 15, 16, 17, 18, 20, 21, 22, 23, 24, 25, 26, 27, 28, 30, 31, 32, 33, 34, 35, 36, 37, 38, 40, 41, 42, 43, 44, 45, 46, 47, 48)
HBGD465|(1, 2, 3, 4, 5, 6, 7, 8, 10, 20, 30, 40)
HBGD466|(1, 2, 3, 4, 5, 6, 7, 8, 10, 20, 30, 40)
HBGD468|(3, 4, 5, 6, 7, 8, 11, 12, 13, 14, 15, 16, 17, 18, 21, 22, 23, 24, 25, 26, 27, 28, 31, 32, 33, 34, 35, 36, 37, 38, 41, 42, 43, 44, 45, 46, 47, 48)
HBGD475|(51, 52, 53, 54, 55, 61, 62, 63, 64, 65, 71, 72, 73, 74, 75, 81, 82, 83, 84, 85)
HBGD480|(1, 2, 3, 4, 5, 6, 7, 8, 10, 20, 30, 40)
HBGD489|(1, 2, 3, 4, 5, 6, 7, 8, 10, 20, 30, 40, 51, 52, 53, 54, 55, 61, 62, 63, 64, 65, 71, 72, 73, 74, 75, 81, 82, 83, 84, 85)
HBGD492|(1, 2, 3, 4, 5, 6, 7, 8, 10, 11, 12, 13, 14, 15, 18, 20, 21, 22, 23, 24, 25, 28, 30, 31, 32, 33, 34, 35, 38, 40, 41, 42, 43, 44, 45, 48, 51, 52, 53, 54, 55, 61, 62, 63, 64, 65, 71, 72, 73, 74, 75, 81, 82, 83, 84, 85)
HBGD497|(1, 2, 3, 4, 5, 6, 7, 8, 10, 20, 30, 40, 51, 52, 53, 54, 55, 61, 62, 63, 64, 65, 71, 72, 73, 74, 75, 81, 82, 83, 84, 85)
HBGD499|(51, 52, 53, 54, 55, 61, 62, 63, 64, 65, 71, 72, 73, 74, 75, 81, 82, 83, 84, 85)
HBJA003|(1, 2, 10, 11, 12, 13, 14, 15, 16, 17, 18, 20, 21, 22, 23, 24, 25, 26, 27, 28, 30, 31, 32, 33, 34, 35, 36, 37, 38, 40, 41, 42, 43, 44, 45, 46, 47, 48, 51, 52, 53, 54, 55, 61, 62, 63, 64, 65, 71, 72, 73, 74, 75, 81, 82, 83, 84, 85)
HBJA171|(1, 2, 10, 11, 12, 13, 14, 15, 16, 17, 18, 20, 21, 22, 23, 24, 25, 26, 27, 28, 30, 31, 32, 33, 34, 35, 36, 37, 38, 40, 41, 42, 43, 44, 45, 46, 47, 48, 51, 52, 53, 54, 55, 61, 62, 63, 64, 65, 71, 72, 73, 74, 75, 81, 82, 83, 84, 85)
HBJA634|(10, 11, 12, 13, 14, 15, 16, 17, 18, 20, 21, 22, 23, 24, 25, 26, 27, 28, 30, 31, 32, 33, 34, 35, 36, 37, 38, 40, 41, 42, 43, 44, 45, 46, 47, 48, 51, 52, 53, 54, 55, 61, 62, 63, 64, 65, 71, 72, 73, 74, 75, 81, 82, 83, 84, 85)
HBJB001|(1, 2, 3, 4, 5, 6, 7, 8, 10, 20, 30, 40)
HBJD001|(3, 4, 5, 6, 7, 8, 10, 20, 30, 40)
HBKD005|(1, 2, 3, 4, 5, 6, 7, 8, 10, 20, 30, 40, 51, 52, 53, 54, 55, 61, 62, 63, 64, 65, 71, 72, 73, 74, 75, 81, 82, 83, 84, 85)
HBKD140|(1, 2, 3, 4, 5, 6, 7, 8, 10, 16, 17, 18, 20, 26, 27, 28, 30, 35, 36, 37, 38, 40, 45, 46, 47, 48, 51, 52, 53, 54, 55, 61, 62, 63, 64, 65, 71, 72, 73, 74, 75, 81, 82, 83, 84, 85)
HBKD212|(1, 2, 3, 4, 5, 6, 7, 8, 10, 16, 17, 18, 20, 26, 27, 28, 30, 35, 36, 37, 38, 40, 45, 46, 47, 48, 51, 52, 53, 54, 55, 61, 62, 63, 64, 65, 71, 72, 73, 74, 75, 81, 82, 83, 84, 85)
HBKD213|(1, 2, 3, 4, 5, 6, 7, 8, 10, 16, 17, 18, 20, 26, 27, 28, 30, 35, 36, 37, 38, 40, 45, 46, 47, 48, 51, 52, 53, 54, 55, 61, 62, 63, 64, 65, 71, 72, 73, 74, 75, 81, 82, 83, 84, 85)
HBKD244|(1, 2, 3, 4, 5, 6, 7, 8, 10, 16, 17, 18, 20, 26, 27, 28, 30, 35, 36, 37, 38, 40, 45, 46, 47, 48, 51, 52, 53, 54, 55, 61, 62, 63, 64, 65, 71, 72, 73, 74, 75, 81, 82, 83, 84, 85)
HBKD300|(1, 2, 3, 4, 5, 6, 7, 8, 10, 16, 17, 18, 20, 26, 27, 28, 30, 35, 36, 37, 38, 40, 45, 46, 47, 48, 51, 52, 53, 54, 55, 61, 62, 63, 64, 65, 71, 72, 73, 74, 75, 81, 82, 83, 84, 85)
HBKD396|(1, 2, 3, 4, 5, 6, 7, 8, 10, 16, 17, 18, 20, 26, 27, 28, 30, 35, 36, 37, 38, 40, 45, 46, 47, 48, 51, 52, 53, 54, 55, 61, 62, 63, 64, 65, 71, 72, 73, 74, 75, 81, 82, 83, 84, 85)
HBKD431|(1, 2, 3, 4, 5, 6, 7, 8, 10, 16, 17, 18, 20, 26, 27, 28, 30, 35, 36, 37, 38, 40, 45, 46, 47, 48, 51, 52, 53, 54, 55, 61, 62, 63, 64, 65, 71, 72, 73, 74, 75, 81, 82, 83, 84, 85)
HBKD462|(1, 2, 3, 4, 5, 6, 7, 8, 10, 16, 17, 18, 20, 26, 27, 28, 30, 35, 36, 37, 38, 40, 45, 46, 47, 48, 51, 52, 53, 54, 55, 61, 62, 63, 64, 65, 71, 72, 73, 74, 75, 81, 82, 83, 84, 85)
HBLD007|(1, 2, 3, 4, 5, 6, 7, 8, 10, 20, 30, 40, 51, 52, 53, 54, 55, 61, 62, 63, 64, 65, 71, 72, 73, 74, 75, 81, 82, 83, 84, 85)
HBLD023|(1, 2, 3, 4, 5, 6, 7, 8, 10, 20, 30, 40, 51, 52, 53, 54, 55, 61, 62, 63, 64, 65, 71, 72, 73, 74, 75, 81, 82, 83, 84, 85)
HBLD030|(3, 4, 5, 6, 7, 8, 10, 20, 30, 40, 51, 52, 53, 54, 55, 61, 62, 63, 64, 65, 71, 72, 73, 74, 75, 81, 82, 83, 84, 85)
HBLD031|(3, 4, 5, 6, 7, 8, 10, 11, 12, 13, 14, 15, 16, 17, 18, 20, 21, 22, 23, 24, 25, 26, 27, 28, 30, 31, 32, 33, 34, 35, 36, 37, 38, 40, 41, 42, 43, 44, 45, 46, 47, 48, 51, 52, 53, 54, 55, 61, 62, 63, 64, 65)
HBLD032|(3, 4, 5, 6, 7, 8, 10, 11, 12, 13, 14, 15, 16, 17, 18, 20, 21, 22, 23, 24, 25, 26, 27, 28, 30, 31, 32, 33, 34, 35, 36, 37, 38, 40, 41, 42, 43, 44, 45, 46, 47, 48, 51, 52, 53, 54, 55, 61, 62, 63, 64, 65)
HBLD033|(1, 2, 3, 4, 5, 6, 7, 8, 10, 20, 30, 40, 51, 52, 53, 54, 55, 61, 62, 63, 64, 65, 71, 72, 73, 74, 75, 81, 82, 83, 84, 85)
HBLD035|(3, 4, 5, 6, 7, 8, 10, 11, 12, 13, 14, 15, 16, 17, 18, 20, 21, 22, 23, 24, 25, 26, 27, 28, 30, 31, 32, 33, 34, 35, 36, 37, 38, 40, 41, 42, 43, 44, 45, 46, 47, 48, 51, 52, 53, 54, 55, 61, 62, 63, 64, 65)
HBLD036|(1, 2, 3, 4, 5, 6, 7, 8, 10, 20, 30, 40, 51, 52, 53, 54, 55, 61, 62, 63, 64, 65, 71, 72, 73, 74, 75, 81, 82, 83, 84, 85)
HBLD038|(1, 2, 3, 4, 5, 6, 7, 8, 10, 20, 30, 40, 51, 52, 53, 54, 55, 61, 62, 63, 64, 65, 71, 72, 73, 74, 75, 81, 82, 83, 84, 85)
HBLD040|(1, 2, 3, 4, 5, 6, 7, 8, 10, 20, 30, 40, 51, 52, 53, 54, 55, 61, 62, 63, 64, 65, 71, 72, 73, 74, 75, 81, 82, 83, 84, 85)
HBLD043|(1, 2, 3, 4, 5, 6, 7, 8, 10, 20, 30, 40, 51, 52, 53, 54, 55, 61, 62, 63, 64, 65, 71, 72, 73, 74, 75, 81, 82, 83, 84, 85)
HBLD045|(3, 4, 5, 6, 7, 8, 10, 11, 12, 13, 14, 15, 16, 17, 18, 20, 21, 22, 23, 24, 25, 26, 27, 28, 30, 31, 32, 33, 34, 35, 36, 37, 38, 40, 41, 42, 43, 44, 45, 46, 47, 48, 51, 52, 53, 54, 55, 61, 62, 63, 64, 65, 71, 72, 73, 74, 75, 81, 82, 83, 84, 85)
HBLD046|(3, 4, 5, 6, 7, 8, 10, 11, 12, 13, 14, 15, 16, 17, 18, 20, 21, 22, 23, 24, 25, 26, 27, 28, 30, 31, 32, 33, 34, 35, 36, 37, 38, 40, 41, 42, 43, 44, 45, 46, 47, 48, 51, 52, 53, 54, 55, 61, 62, 63, 64, 65)
HBLD047|(3, 4, 5, 6, 7, 8, 10, 11, 12, 13, 14, 15, 16, 17, 18, 20, 21, 22, 23, 24, 25, 26, 27, 28, 30, 31, 32, 33, 34, 35, 36, 37, 38, 40, 41, 42, 43, 44, 45, 46, 47, 48, 51, 52, 53, 54, 55, 61, 62, 63, 64, 65)
HBLD048|(3, 4, 5, 6, 7, 8, 10, 11, 12, 13, 14, 15, 16, 17, 18, 20, 21, 22, 23, 24, 25, 26, 27, 28, 30, 31, 32, 33, 34, 35, 36, 37, 38, 40, 41, 42, 43, 44, 45, 46, 47, 48, 51, 52, 53, 54, 55, 61, 62, 63, 64, 65)
HBLD056|(3, 4, 5, 6, 7, 8, 10, 11, 12, 13, 14, 15, 16, 17, 18, 20, 21, 22, 23, 24, 25, 26, 27, 28, 30, 31, 32, 33, 34, 35, 36, 37, 38, 40, 41, 42, 43, 44, 45, 46, 47, 48, 51, 52, 53, 54, 55, 61, 62, 63, 64, 65)
HBLD057|(3, 4, 5, 6, 7, 8, 10, 11, 12, 13, 14, 15, 16, 17, 18, 20, 21, 22, 23, 24, 25, 26, 27, 28, 30, 31, 32, 33, 34, 35, 36, 37, 38, 40, 41, 42, 43, 44, 45, 46, 47, 48, 51, 52, 53, 54, 55, 61, 62, 63, 64, 65)
HBLD073|(1, 2, 3, 4, 5, 6, 7, 8, 10, 11, 12, 13, 14, 15, 20, 21, 22, 23, 24, 25, 30, 31, 32, 33, 34, 35, 40, 41, 42, 43, 44, 45, 51, 52, 53, 54, 55, 61, 62, 63, 64, 65, 71, 72, 73, 74, 75, 81, 82, 83, 84, 85)
HBLD075|(1, 2, 3, 4, 5, 6, 7, 8, 10, 20, 30, 40, 51, 52, 53, 54, 55, 61, 62, 63, 64, 65, 71, 72, 73, 74, 75, 81, 82, 83, 84, 85)
HBLD078|(3, 4, 5, 6, 7, 8, 10, 11, 12, 13, 14, 15, 16, 17, 18, 20, 21, 22, 23, 24, 25, 26, 27, 28, 30, 31, 32, 33, 34, 35, 36, 37, 38, 40, 41, 42, 43, 44, 45, 46, 47, 48, 51, 52, 53, 54, 55, 61, 62, 63, 64, 65)
HBLD079|(1, 2, 3, 4, 5, 6, 7, 8, 10, 20, 30, 40, 51, 52, 53, 54, 55, 61, 62, 63, 64, 65, 71, 72, 73, 74, 75, 81, 82, 83, 84, 85)
HBLD083|(1, 2, 3, 4, 5, 6, 7, 8, 10, 20, 30, 40, 51, 52, 53, 54, 55, 61, 62, 63, 64, 65, 71, 72, 73, 74, 75, 81, 82, 83, 84, 85)
HBLD084|(3, 4, 5, 6, 7, 8, 10, 11, 12, 13, 14, 15, 16, 17, 18, 20, 21, 22, 23, 24, 25, 26, 27, 28, 30, 31, 32, 33, 34, 35, 36, 37, 38, 40, 41, 42, 43, 44, 45, 46, 47, 48, 51, 52, 53, 54, 55, 61, 62, 63, 64, 65)
HBLD088|(1, 2, 3, 4, 5, 6, 7, 8, 10, 15, 16, 17, 18, 20, 25, 26, 27, 28, 30, 35, 36, 37, 38, 40, 45, 46, 47, 48, 51, 52, 53, 54, 55, 61, 62, 63, 64, 65, 71, 72, 73, 74, 75, 81, 82, 83, 84, 85)
HBLD090|(1, 2, 3, 4, 5, 6, 7, 8, 10, 20, 30, 40, 51, 52, 53, 54, 55, 61, 62, 63, 64, 65, 71, 72, 73, 74, 75, 81, 82, 83, 84, 85)
HBLD093|(1, 2, 3, 4, 5, 6, 7, 8, 10, 15, 16, 17, 18, 20, 25, 26, 27, 28, 30, 35, 36, 37, 38, 40, 45, 46, 47, 48, 51, 52, 53, 54, 55, 61, 62, 63, 64, 65, 71, 72, 73, 74, 75, 81, 82, 83, 84, 85)
HBLD101|(1, 2, 3, 4, 5, 6, 7, 8, 10, 20, 30, 40, 51, 52, 53, 54, 55, 61, 62, 63, 64, 65, 71, 72, 73, 74, 75, 81, 82, 83, 84, 85)
HBLD112|(1, 2, 3, 4, 5, 6, 7, 8, 10, 20, 30, 40, 51, 52, 53, 54, 55, 61, 62, 63, 64, 65, 71, 72, 73, 74, 75, 81, 82, 83, 84, 85)
HBLD118|(3, 4, 5, 6, 7, 8, 10, 20, 30, 31, 32, 33, 34, 35, 36, 37, 38, 40, 41, 42, 43, 44, 45, 46, 47, 48, 51, 52, 53, 54, 55, 61, 62, 63, 64, 65, 71, 72, 73, 74, 75, 81, 82, 83, 84, 85)
HBLD123|(1, 2, 3, 4, 5, 6, 7, 8, 10, 20, 30, 40)
HBLD131|(1, 2, 3, 4, 5, 6, 7, 8, 10, 20, 30, 40, 51, 52, 53, 54, 55, 61, 62, 63, 64, 65, 71, 72, 73, 74, 75, 81, 82, 83, 84, 85)
HBLD132|(1, 2, 3, 4, 5, 6, 7, 8, 10, 20, 30, 40, 51, 52, 53, 54, 55, 61, 62, 63, 64, 65, 71, 72, 73, 74, 75, 81, 82, 83, 84, 85)
HBLD138|(1, 2, 3, 4, 5, 6, 7, 8, 10, 20, 30, 40, 51, 52, 53, 54, 55, 61, 62, 63, 64, 65, 71, 72, 73, 74, 75, 81, 82, 83, 84, 85)
HBLD148|(1, 2, 3, 4, 5, 6, 7, 8, 10, 20, 30, 40)
HBLD158|(1, 2, 3, 4, 5, 6, 7, 8, 10, 11, 12, 13, 14, 20, 21, 22, 23, 24, 30, 31, 32, 33, 34, 40, 41, 42, 43, 44, 51, 52, 53, 54, 55, 61, 62, 63, 64, 65, 71, 72, 73, 74, 75, 81, 82, 83, 84, 85)
HBLD171|(3, 4, 5, 6, 7, 8, 10, 20, 30, 31, 32, 33, 34, 35, 36, 37, 38, 40, 41, 42, 43, 44, 45, 46, 47, 48, 51, 52, 53, 54, 55, 61, 62, 63, 64, 65, 71, 72, 73, 74, 75, 81, 82, 83, 84, 85)
HBLD178|(1, 2, 3, 4, 5, 6, 7, 8, 10, 20, 30, 40, 51, 52, 53, 54, 55, 61, 62, 63, 64, 65, 71, 72, 73, 74, 75, 81, 82, 83, 84, 85)
HBLD179|(1, 2, 3, 4, 5, 6, 7, 8, 10, 20, 30, 40, 51, 52, 53, 54, 55, 61, 62, 63, 64, 65, 71, 72, 73, 74, 75, 81, 82, 83, 84, 85)
HBLD199|(3, 4, 5, 6, 7, 8, 10, 20, 30, 31, 32, 33, 34, 35, 36, 37, 38, 40, 41, 42, 43, 44, 45, 46, 47, 48, 51, 52, 53, 54, 55, 61, 62, 63, 64, 65, 71, 72, 73, 74, 75, 81, 82, 83, 84, 85)
HBLD203|(1, 2, 3, 4, 5, 6, 7, 8, 10, 20, 30, 40, 51, 52, 53, 54, 55, 61, 62, 63, 64, 65, 71, 72, 73, 74, 75, 81, 82, 83, 84, 85)
HBLD215|(1, 2, 3, 4, 5, 6, 7, 8, 10, 20, 30, 40, 51, 52, 53, 54, 55, 61, 62, 63, 64, 65, 71, 72, 73, 74, 75, 81, 82, 83, 84, 85)
HBLD217|(3, 4, 5, 6, 7, 8, 10, 20, 30, 31, 32, 33, 34, 35, 36, 37, 38, 40, 41, 42, 43, 44, 45, 46, 47, 48, 51, 52, 53, 54, 55, 61, 62, 63, 64, 65, 71, 72, 73, 74, 75, 81, 82, 83, 84, 85)
HBLD224|(1, 2, 3, 4, 5, 6, 7, 8, 10, 20, 30, 40)
HBLD227|(1, 2, 3, 4, 5, 6, 7, 8, 10, 20, 30, 40, 51, 52, 53, 54, 55, 61, 62, 63, 64, 65, 71, 72, 73, 74, 75, 81, 82, 83, 84, 85)
HBLD231|(1, 2, 3, 4, 5, 6, 7, 8, 10, 20, 30, 40)
HBLD232|(1, 2, 3, 4, 5, 6, 7, 8, 10, 20, 30, 40, 51, 52, 53, 54, 55, 61, 62, 63, 64, 65, 71, 72, 73, 74, 75, 81, 82, 83, 84, 85)
HBLD236|(1, 2, 3, 4, 5, 6, 7, 8, 10, 20, 30, 40, 51, 52, 53, 54, 55, 61, 62, 63, 64, 65, 71, 72, 73, 74, 75, 81, 82, 83, 84, 85)
HBLD240|(1, 2, 3, 4, 5, 6, 7, 8, 10, 20, 30, 40, 51, 52, 53, 54, 55, 61, 62, 63, 64, 65, 71, 72, 73, 74, 75, 81, 82, 83, 84, 85)
HBLD245|(1, 2, 3, 4, 5, 6, 7, 8, 10, 20, 30, 40, 51, 52, 53, 54, 55, 61, 62, 63, 64, 65, 71, 72, 73, 74, 75, 81, 82, 83, 84, 85)
HBLD259|(3, 4, 5, 6, 7, 8, 10, 11, 12, 13, 14, 15, 16, 17, 18, 20, 21, 22, 23, 24, 25, 26, 27, 28, 30, 31, 32, 33, 34, 35, 36, 37, 38, 40, 41, 42, 43, 44, 45, 46, 47, 48, 51, 52, 53, 54, 55, 61, 62, 63, 64, 65, 71, 72, 73, 74, 75, 81, 82, 83, 84, 85)
HBLD261|(1, 2, 3, 4, 5, 6, 7, 8, 10, 20, 30, 40, 51, 52, 53, 54, 55, 61, 62, 63, 64, 65, 71, 72, 73, 74, 75, 81, 82, 83, 84, 85)
HBLD262|(1, 2, 3, 4, 5, 6, 7, 8, 10, 20, 30, 40, 51, 52, 53, 54, 55, 61, 62, 63, 64, 65, 71, 72, 73, 74, 75, 81, 82, 83, 84, 85)
HBLD270|(1, 2, 3, 4, 5, 6, 7, 8, 10, 20, 30, 40)
HBLD308|(1, 2, 3, 4, 5, 6, 7, 8, 10, 20, 30, 40, 51, 52, 53, 54, 55, 61, 62, 63, 64, 65, 71, 72, 73, 74, 75, 81, 82, 83, 84, 85)
HBLD318|(1, 2, 3, 4, 5, 6, 7, 8, 10, 20, 30, 40, 51, 52, 53, 54, 55, 61, 62, 63, 64, 65, 71, 72, 73, 74, 75, 81, 82, 83, 84, 85)
HBLD321|(1, 2, 3, 4, 5, 6, 7, 8, 10, 20, 30, 40, 51, 52, 53, 54, 55, 61, 62, 63, 64, 65, 71, 72, 73, 74, 75, 81, 82, 83, 84, 85)
HBLD332|(1, 2, 3, 4, 5, 6, 7, 8, 10, 20, 30, 40, 51, 52, 53, 54, 55, 61, 62, 63, 64, 65, 71, 72, 73, 74, 75, 81, 82, 83, 84, 85)
HBLD349|(1, 2, 3, 4, 5, 6, 7, 8, 10, 20, 30, 40, 51, 52, 53, 54, 55, 61, 62, 63, 64, 65, 71, 72, 73, 74, 75, 81, 82, 83, 84, 85)
HBLD350|(1, 2, 3, 4, 5, 6, 7, 8, 10, 16, 17, 18, 20, 26, 27, 28, 30, 36, 37, 38, 40, 46, 47, 48, 51, 52, 53, 54, 55, 61, 62, 63, 64, 65, 71, 72, 73, 74, 75, 81, 82, 83, 84, 85)
HBLD364|(1, 2, 3, 4, 5, 6, 7, 8, 10, 20, 30, 40)
HBLD370|(1, 2, 3, 4, 5, 6, 7, 8, 10, 20, 30, 40, 51, 52, 53, 54, 55, 61, 62, 63, 64, 65, 71, 72, 73, 74, 75, 81, 82, 83, 84, 85)
HBLD371|(1, 2, 3, 4, 5, 6, 7, 8, 10, 20, 30, 40)
HBLD403|(1, 2, 3, 4, 5, 6, 7, 8, 10, 20, 30, 40, 51, 52, 53, 54, 55, 61, 62, 63, 64, 65, 71, 72, 73, 74, 75, 81, 82, 83, 84, 85)
HBLD411|(1, 2, 3, 4, 5, 6, 7, 8, 10, 20, 30, 40, 51, 52, 53, 54, 55, 61, 62, 63, 64, 65, 71, 72, 73, 74, 75, 81, 82, 83, 84, 85)
HBLD414|(1, 2, 3, 4, 5, 6, 7, 8, 10, 20, 30, 40, 51, 52, 53, 54, 55, 61, 62, 63, 64, 65, 71, 72, 73, 74, 75, 81, 82, 83, 84, 85)
HBLD418|(1, 2, 3, 4, 5, 6, 7, 8, 10, 20, 30, 40, 51, 52, 53, 54, 55, 61, 62, 63, 64, 65, 71, 72, 73, 74, 75, 81, 82, 83, 84, 85)
HBLD425|(1, 2, 3, 4, 5, 6, 7, 8, 10, 20, 30, 40, 51, 52, 53, 54, 55, 61, 62, 63, 64, 65, 71, 72, 73, 74, 75, 81, 82, 83, 84, 85)
HBLD435|(1, 2, 3, 4, 5, 6, 7, 8, 10, 20, 30, 40, 51, 52, 53, 54, 55, 61, 62, 63, 64, 65, 71, 72, 73, 74, 75, 81, 82, 83, 84, 85)
HBLD452|(1, 2, 3, 4, 5, 6, 7, 8, 10, 20, 30, 40, 51, 52, 53, 54, 55, 61, 62, 63, 64, 65, 71, 72, 73, 74, 75, 81, 82, 83, 84, 85)
HBLD453|(1, 2, 3, 4, 5, 6, 7, 8, 10, 20, 30, 40, 51, 52, 53, 54, 55, 61, 62, 63, 64, 65, 71, 72, 73, 74, 75, 81, 82, 83, 84, 85)
HBLD465|(1, 2, 3, 4, 5, 6, 7, 8, 10, 20, 30, 40, 51, 52, 53, 54, 55, 61, 62, 63, 64, 65, 71, 72, 73, 74, 75, 81, 82, 83, 84, 85)
HBLD466|(1, 2, 3, 4, 5, 6, 7, 8, 10, 20, 30, 40, 51, 52, 53, 54, 55, 61, 62, 63, 64, 65, 71, 72, 73, 74, 75, 81, 82, 83, 84, 85)
HBLD470|(1, 2, 3, 4, 5, 6, 7, 8, 10, 20, 30, 40, 51, 52, 53, 54, 55, 61, 62, 63, 64, 65, 71, 72, 73, 74, 75, 81, 82, 83, 84, 85)
HBLD474|(1, 2, 3, 4, 5, 6, 7, 8, 10, 20, 30, 40, 51, 52, 53, 54, 55, 61, 62, 63, 64, 65, 71, 72, 73, 74, 75, 81, 82, 83, 84, 85)
HBLD476|(1, 2, 3, 4, 5, 6, 7, 8, 10, 20, 30, 40)
HBLD486|(1, 2, 3, 4, 5, 6, 7, 8, 10, 20, 30, 40, 51, 52, 53, 54, 55, 61, 62, 63, 64, 65, 71, 72, 73, 74, 75, 81, 82, 83, 84, 85)
HBLD490|(1, 2, 3, 4, 5, 6, 7, 8, 10, 20, 30, 40, 51, 52, 53, 54, 55, 61, 62, 63, 64, 65, 71, 72, 73, 74, 75, 81, 82, 83, 84, 85)
HBLD491|(1, 2, 3, 4, 5, 6, 7, 8, 10, 11, 12, 13, 14, 16, 17, 18, 20, 21, 22, 23, 24, 26, 27, 28, 30, 31, 32, 33, 34, 36, 37, 38, 40, 41, 42, 43, 44, 46, 47, 48, 51, 52, 53, 54, 55, 61, 62, 63, 64, 65, 71, 72, 73, 74, 75, 81, 82, 83, 84, 85)
HBLD492|(1, 2, 3, 4, 5, 6, 7, 8, 10, 20, 30, 40, 51, 52, 53, 54, 55, 61, 62, 63, 64, 65, 71, 72, 73, 74, 75, 81, 82, 83, 84, 85)
HBLD634|(1, 2, 3, 4, 5, 6, 7, 8, 10, 15, 16, 17, 18, 20, 25, 26, 27, 28, 30, 35, 36, 37, 38, 40, 45, 46, 47, 48, 51, 52, 53, 54, 55, 61, 62, 63, 64, 65, 71, 72, 73, 74, 75, 81, 82, 83, 84, 85)
HBLD680|(1, 2, 3, 4, 5, 6, 7, 8, 10, 15, 16, 17, 18, 20, 25, 26, 27, 28, 30, 35, 36, 37, 38, 40, 45, 46, 47, 48, 51, 52, 53, 54, 55, 61, 62, 63, 64, 65, 71, 72, 73, 74, 75, 81, 82, 83, 84, 85)
HBLD724|(1, 2, 3, 4, 5, 6, 7, 8, 10, 20, 30, 40, 51, 52, 53, 54, 55, 61, 62, 63, 64, 65, 71, 72, 73, 74, 75, 81, 82, 83, 84, 85)
HBLD734|(1, 2, 3, 4, 5, 6, 7, 8, 10, 11, 12, 13, 14, 15, 20, 21, 22, 23, 24, 25, 30, 31, 32, 33, 34, 35, 40, 41, 42, 43, 44, 45, 51, 52, 53, 54, 55, 61, 62, 63, 64, 65, 71, 72, 73, 74, 75, 81, 82, 83, 84, 85)
HBLD745|(1, 2, 3, 4, 5, 6, 7, 8, 10, 20, 30, 40, 51, 52, 53, 54, 55, 61, 62, 63, 64, 65, 71, 72, 73, 74, 75, 81, 82, 83, 84, 85)
HBLD750|(1, 2, 3, 4, 5, 6, 7, 8, 10, 20, 30, 40, 51, 52, 53, 54, 55, 61, 62, 63, 64, 65, 71, 72, 73, 74, 75, 81, 82, 83, 84, 85)
HBLD785|(1, 2, 3, 4, 5, 6, 7, 8, 10, 20, 30, 40, 51, 52, 53, 54, 55, 61, 62, 63, 64, 65, 71, 72, 73, 74, 75, 81, 82, 83, 84, 85)
HBMA001|(1, 2, 3, 4, 5, 6, 7, 8, 10, 20, 30, 40, 51, 52, 53, 54, 55, 61, 62, 63, 64, 65, 71, 72, 73, 74, 75, 81, 82, 83, 84, 85)
HBMD002|(3, 4, 5, 6, 7, 8, 10, 11, 12, 13, 14, 15, 16, 17, 18, 20, 21, 22, 23, 24, 25, 26, 27, 28, 30, 31, 32, 33, 34, 35, 36, 37, 38, 40, 41, 42, 43, 44, 45, 46, 47, 48, 51, 52, 53, 54, 55, 61, 62, 63, 64, 65)
HBMD008|(3, 4, 5, 6, 7, 8, 10, 11, 12, 13, 14, 15, 16, 17, 18, 20, 21, 22, 23, 24, 25, 26, 27, 28, 30, 31, 32, 33, 34, 35, 36, 37, 38, 40, 41, 42, 43, 44, 45, 46, 47, 48, 51, 52, 53, 54, 55, 61, 62, 63, 64, 65)
HBMD017|(1, 2, 3, 4, 5, 6, 7, 8, 10, 20, 30, 40, 51, 52, 53, 54, 55, 61, 62, 63, 64, 65, 71, 72, 73, 74, 75, 81, 82, 83, 84, 85)
HBMD019|(1, 2, 3, 4, 5, 6, 7, 8, 10, 20, 30, 40, 51, 52, 53, 54, 55, 61, 62, 63, 64, 65, 71, 72, 73, 74, 75, 81, 82, 83, 84, 85)
HBMD020|(3, 4, 5, 6, 7, 8, 10, 11, 12, 13, 14, 15, 16, 17, 18, 20, 21, 22, 23, 24, 25, 26, 27, 28, 30, 31, 32, 33, 34, 35, 36, 37, 38, 40, 41, 42, 43, 44, 45, 46, 47, 48, 51, 52, 53, 54, 55, 61, 62, 63, 64, 65, 71, 72, 73, 74, 75, 81, 82, 83, 84, 85)
HBMD038|(1, 2, 3, 4, 5, 6, 7, 8, 10, 11, 12, 13, 20, 21, 22, 23, 30, 31, 32, 33, 40, 41, 42, 43, 51, 52, 53, 61, 62, 63, 71, 72, 73, 81, 82, 83)
HBMD042|(1, 2, 3, 4, 5, 6, 7, 8, 10, 20, 30, 40)
HBMD043|(1, 2, 3, 4, 5, 6, 7, 8, 10, 20, 30, 40, 51, 52, 53, 54, 55, 61, 62, 63, 64, 65, 71, 72, 73, 74, 75, 81, 82, 83, 84, 85)
HBMD044|(1, 2, 3, 4, 5, 6, 7, 8, 10, 14, 15, 16, 17, 18, 20, 24, 25, 26, 27, 28, 30, 34, 35, 36, 37, 38, 40, 44, 45, 46, 47, 48, 54, 55, 64, 65, 74, 75, 84, 85)
HBMD046|(1, 2, 3, 4, 5, 6, 7, 8, 10, 20, 30, 40, 51, 52, 53, 54, 55, 61, 62, 63, 64, 65, 71, 72, 73, 74, 75, 81, 82, 83, 84, 85)
HBMD047|(1, 2, 3, 4, 5, 6, 7, 8, 10, 14, 15, 16, 17, 18, 20, 24, 25, 26, 27, 28, 30, 34, 35, 36, 37, 38, 40, 44, 45, 46, 47, 48, 54, 55, 64, 65, 74, 75, 84, 85)
HBMD049|(1, 2, 3, 4, 5, 6, 7, 8, 10, 11, 12, 13, 20, 21, 22, 23, 30, 31, 32, 33, 40, 41, 42, 43, 51, 52, 53, 61, 62, 63, 71, 72, 73, 81, 82, 83)
HBMD050|(1, 2, 3, 4, 5, 6, 7, 8, 10, 14, 15, 16, 17, 18, 20, 24, 25, 26, 27, 28, 30, 34, 35, 36, 37, 38, 40, 44, 45, 46, 47, 48, 54, 55, 64, 65, 74, 75, 84, 85)
HBMD053|(1, 2, 3, 4, 5, 6, 7, 8, 10, 11, 12, 13, 20, 21, 22, 23, 30, 31, 32, 33, 40, 41, 42, 43, 51, 52, 53, 61, 62, 63, 71, 72, 73, 81, 82, 83)
HBMD054|(1, 2, 3, 4, 5, 6, 7, 8, 10, 14, 15, 16, 17, 18, 20, 24, 25, 26, 27, 28, 30, 34, 35, 36, 37, 38, 40, 44, 45, 46, 47, 48, 54, 55, 64, 65, 74, 75, 84, 85)
HBMD055|(1, 2, 3, 4, 5, 6, 7, 8, 10, 20, 30, 40, 51, 52, 53, 54, 55, 61, 62, 63, 64, 65, 71, 72, 73, 74, 75, 81, 82, 83, 84, 85)
HBMD058|(1, 2, 3, 4, 5, 6, 7, 8, 10, 14, 15, 16, 17, 18, 20, 24, 25, 26, 27, 28, 30, 34, 35, 36, 37, 38, 40, 44, 45, 46, 47, 48, 54, 55, 64, 65, 74, 75, 84, 85)
HBMD072|(1, 2, 3, 4, 5, 6, 7, 8, 10, 20, 30, 40, 51, 52, 53, 54, 55, 61, 62, 63, 64, 65, 71, 72, 73, 74, 75, 81, 82, 83, 84, 85)
HBMD081|(1, 2, 3, 4, 5, 6, 7, 8, 10, 20, 30, 40, 51, 52, 53, 54, 55, 61, 62, 63, 64, 65, 71, 72, 73, 74, 75, 81, 82, 83, 84, 85)
HBMD082|(1, 2, 3, 4, 5, 6, 7, 8, 10, 20, 30, 40, 51, 52, 53, 54, 55, 61, 62, 63, 64, 65, 71, 72, 73, 74, 75, 81, 82, 83, 84, 85)
HBMD087|(1, 2, 3, 4, 5, 6, 7, 8, 10, 20, 30, 40, 51, 52, 53, 54, 55, 61, 62, 63, 64, 65, 71, 72, 73, 74, 75, 81, 82, 83, 84, 85)
HBMD110|(3, 4, 5, 6, 7, 8, 10, 11, 12, 13, 14, 15, 16, 17, 18, 20, 21, 22, 23, 24, 25, 26, 27, 28, 30, 31, 32, 33, 34, 35, 36, 37, 38, 40, 41, 42, 43, 44, 45, 46, 47, 48, 51, 52, 53, 54, 55, 61, 62, 63, 64, 65)
HBMD114|(1, 2, 3, 4, 5, 6, 7, 8, 10, 20, 30, 40, 51, 52, 53, 54, 55, 61, 62, 63, 64, 65, 71, 72, 73, 74, 75, 81, 82, 83, 84, 85)
HBMD134|(1, 2, 3, 4, 5, 6, 7, 8, 10, 20, 30, 40, 51, 52, 53, 54, 55, 61, 62, 63, 64, 65, 71, 72, 73, 74, 75, 81, 82, 83, 84, 85)
HBMD174|(1, 2, 3, 4, 5, 6, 7, 8, 10, 20, 30, 40, 51, 52, 53, 54, 55, 61, 62, 63, 64, 65, 71, 72, 73, 74, 75, 81, 82, 83, 84, 85)
HBMD188|(1, 2, 3, 4, 5, 6, 7, 8, 10, 20, 30, 40, 51, 52, 53, 54, 55, 61, 62, 63, 64, 65, 71, 72, 73, 74, 75, 81, 82, 83, 84, 85)
HBMD198|(1, 2, 3, 4, 5, 6, 7, 8, 10, 20, 30, 40, 51, 52, 53, 54, 55, 61, 62, 63, 64, 65, 71, 72, 73, 74, 75, 81, 82, 83, 84, 85)
HBMD200|(1, 2, 3, 4, 5, 6, 7, 8, 10, 20, 30, 40, 51, 52, 53, 54, 55, 61, 62, 63, 64, 65, 71, 72, 73, 74, 75, 81, 82, 83, 84, 85)
HBMD226|(1, 2, 3, 4, 5, 6, 7, 8, 10, 20, 30, 40, 51, 52, 53, 54, 55, 61, 62, 63, 64, 65, 71, 72, 73, 74, 75, 81, 82, 83, 84, 85)
HBMD228|(1, 2, 3, 4, 5, 6, 7, 8, 10, 20, 30, 40, 51, 52, 53, 54, 55, 61, 62, 63, 64, 65, 71, 72, 73, 74, 75, 81, 82, 83, 84, 85)
HBMD245|(1, 2, 3, 4, 5, 6, 7, 8, 10, 20, 30, 40, 51, 52, 53, 54, 55, 61, 62, 63, 64, 65, 71, 72, 73, 74, 75, 81, 82, 83, 84, 85)
HBMD249|(1, 2, 3, 4, 5, 6, 7, 8, 10, 20, 30, 40, 51, 52, 53, 54, 55, 61, 62, 63, 64, 65, 71, 72, 73, 74, 75, 81, 82, 83, 84, 85)
HBMD281|(1, 2, 3, 4, 5, 6, 7, 8, 10, 20, 30, 40, 51, 52, 53, 54, 55, 61, 62, 63, 64, 65, 71, 72, 73, 74, 75, 81, 82, 83, 84, 85)
HBMD283|(1, 2, 3, 4, 5, 6, 7, 8, 10, 20, 30, 40, 51, 52, 53, 54, 55, 61, 62, 63, 64, 65, 71, 72, 73, 74, 75, 81, 82, 83, 84, 85)
HBMD286|(1, 2, 3, 4, 5, 6, 7, 8, 10, 20, 30, 40, 51, 52, 53, 54, 55, 61, 62, 63, 64, 65, 71, 72, 73, 74, 75, 81, 82, 83, 84, 85)
HBMD289|(3, 4, 5, 6, 7, 8, 10, 11, 12, 13, 14, 15, 16, 17, 18, 20, 21, 22, 23, 24, 25, 26, 27, 28, 30, 31, 32, 33, 34, 35, 36, 37, 38, 40, 41, 42, 43, 44, 45, 46, 47, 48, 51, 52, 53, 54, 55, 61, 62, 63, 64, 65)
HBMD292|(1, 2, 3, 4, 5, 6, 7, 8, 10, 20, 30, 40, 51, 52, 53, 54, 55, 61, 62, 63, 64, 65, 71, 72, 73, 74, 75, 81, 82, 83, 84, 85)
HBMD298|(1, 2, 3, 4, 5, 6, 7, 8, 10, 20, 30, 40, 51, 52, 53, 54, 55, 61, 62, 63, 64, 65, 71, 72, 73, 74, 75, 81, 82, 83, 84, 85)
HBMD312|(3, 4, 5, 6, 7, 8, 10, 11, 12, 13, 14, 15, 16, 17, 18, 20, 21, 22, 23, 24, 25, 26, 27, 28, 30, 31, 32, 33, 34, 35, 36, 37, 38, 40, 41, 42, 43, 44, 45, 46, 47, 48, 51, 52, 53, 54, 55, 61, 62, 63, 64, 65)
HBMD322|(1, 2, 3, 4, 5, 6, 7, 8, 10, 20, 30, 40, 51, 52, 53, 54, 55, 61, 62, 63, 64, 65, 71, 72, 73, 74, 75, 81, 82, 83, 84, 85)
HBMD329|(1, 2, 3, 4, 5, 6, 7, 8, 10, 20, 30, 40, 51, 52, 53, 54, 55, 61, 62, 63, 64, 65, 71, 72, 73, 74, 75, 81, 82, 83, 84, 85)
HBMD339|(3, 4, 5, 6, 7, 8, 10, 11, 12, 13, 14, 15, 16, 17, 18, 20, 21, 22, 23, 24, 25, 26, 27, 28, 30, 31, 32, 33, 34, 35, 36, 37, 38, 40, 41, 42, 43, 44, 45, 46, 47, 48, 51, 52, 53, 54, 55, 61, 62, 63, 64, 65)
HBMD342|(1, 2, 3, 4, 5, 6, 7, 8, 10, 20, 30, 40, 51, 52, 53, 54, 55, 61, 62, 63, 64, 65, 71, 72, 73, 74, 75, 81, 82, 83, 84, 85)
HBMD349|(3, 4, 5, 6, 7, 8, 10, 11, 12, 13, 14, 15, 16, 17, 18, 20, 21, 22, 23, 24, 25, 26, 27, 28, 30, 31, 32, 33, 34, 35, 36, 37, 38, 40, 41, 42, 43, 44, 45, 46, 47, 48, 51, 52, 53, 54, 55, 61, 62, 63, 64, 65)
HBMD351|(1, 2, 3, 4, 5, 6, 7, 8, 10, 11, 12, 13, 20, 21, 22, 23, 30, 31, 32, 33, 40, 41, 42, 43, 51, 52, 53, 54, 55, 61, 62, 63, 64, 65, 71, 72, 73, 74, 75, 81, 82, 83, 84, 85)
HBMD356|(3, 4, 5, 6, 7, 8, 10, 11, 12, 13, 14, 15, 16, 17, 18, 20, 21, 22, 23, 24, 25, 26, 27, 28, 30, 31, 32, 33, 34, 35, 36, 37, 38, 40, 41, 42, 43, 44, 45, 46, 47, 48, 51, 52, 53, 54, 55, 61, 62, 63, 64, 65, 71, 72, 73, 74, 75, 81, 82, 83, 84, 85)
HBMD373|(1, 2, 3, 4, 5, 6, 7, 8, 10, 20, 30, 40, 51, 52, 53, 54, 55, 61, 62, 63, 64, 65, 71, 72, 73, 74, 75, 81, 82, 83, 84, 85)
HBMD386|(3, 4, 5, 6, 7, 8, 10, 11, 12, 13, 14, 15, 16, 17, 18, 20, 21, 22, 23, 24, 25, 26, 27, 28, 30, 31, 32, 33, 34, 35, 36, 37, 38, 40, 41, 42, 43, 44, 45, 46, 47, 48, 51, 52, 53, 54, 55, 61, 62, 63, 64, 65)
HBMD387|(1, 2, 3, 4, 5, 6, 7, 8, 10, 20, 30, 40, 51, 52, 53, 54, 55, 61, 62, 63, 64, 65, 71, 72, 73, 74, 75, 81, 82, 83, 84, 85)
HBMD400|(3, 4, 5, 6, 7, 8, 10, 11, 12, 13, 14, 15, 16, 17, 18, 20, 21, 22, 23, 24, 25, 26, 27, 28, 30, 31, 32, 33, 34, 35, 36, 37, 38, 40, 41, 42, 43, 44, 45, 46, 47, 48, 51, 52, 53, 54, 55, 61, 62, 63, 64, 65)
HBMD404|(1, 2, 3, 4, 5, 6, 7, 8, 10, 20, 30, 40, 51, 52, 53, 54, 55, 61, 62, 63, 64, 65, 71, 72, 73, 74, 75, 81, 82, 83, 84, 85)
HBMD410|(1, 2, 3, 4, 5, 6, 7, 8, 10, 20, 30, 40, 51, 52, 53, 54, 55, 61, 62, 63, 64, 65, 71, 72, 73, 74, 75, 81, 82, 83, 84, 85)
HBMD425|(1, 2, 3, 4, 5, 6, 7, 8, 10, 20, 30, 40, 51, 52, 53, 54, 55, 61, 62, 63, 64, 65, 71, 72, 73, 74, 75, 81, 82, 83, 84, 85)
HBMD429|(1, 2, 3, 4, 5, 6, 7, 8, 10, 20, 30, 40, 51, 52, 53, 54, 55, 61, 62, 63, 64, 65, 71, 72, 73, 74, 75, 81, 82, 83, 84, 85)
HBMD432|(1, 2, 3, 4, 5, 6, 7, 8, 10, 20, 30, 40, 51, 52, 53, 54, 55, 61, 62, 63, 64, 65, 71, 72, 73, 74, 75, 81, 82, 83, 84, 85)
HBMD433|(1, 2, 3, 4, 5, 6, 7, 8, 10, 20, 30, 40, 51, 52, 53, 54, 55, 61, 62, 63, 64, 65, 71, 72, 73, 74, 75, 81, 82, 83, 84, 85)
HBMD438|(3, 4, 5, 6, 7, 8, 10, 11, 12, 13, 14, 15, 16, 17, 18, 20, 21, 22, 23, 24, 25, 26, 27, 28, 30, 31, 32, 33, 34, 35, 36, 37, 38, 40, 41, 42, 43, 44, 45, 46, 47, 48, 51, 52, 53, 54, 55, 61, 62, 63, 64, 65)
HBMD439|(1, 2, 3, 4, 5, 6, 7, 8, 10, 20, 30, 40, 51, 52, 53, 54, 55, 61, 62, 63, 64, 65, 71, 72, 73, 74, 75, 81, 82, 83, 84, 85)
HBMD444|(1, 2, 3, 4, 5, 6, 7, 8, 10, 20, 30, 40, 51, 52, 53, 54, 55, 61, 62, 63, 64, 65, 71, 72, 73, 74, 75, 81, 82, 83, 84, 85)
HBMD449|(3, 4, 5, 6, 7, 8, 10, 11, 12, 13, 14, 15, 16, 17, 18, 20, 21, 22, 23, 24, 25, 26, 27, 28, 30, 31, 32, 33, 34, 35, 36, 37, 38, 40, 41, 42, 43, 44, 45, 46, 47, 48, 51, 52, 53, 54, 55, 61, 62, 63, 64, 65)
HBMD459|(3, 4, 5, 6, 7, 8, 10, 11, 12, 13, 14, 15, 16, 17, 18, 20, 21, 22, 23, 24, 25, 26, 27, 28, 30, 31, 32, 33, 34, 35, 36, 37, 38, 40, 41, 42, 43, 44, 45, 46, 47, 48, 51, 52, 53, 54, 55, 61, 62, 63, 64, 65)
HBMD460|(1, 2, 3, 4, 5, 6, 7, 8, 10, 11, 12, 13, 20, 21, 22, 23, 30, 31, 32, 33, 40, 41, 42, 43, 51, 52, 53, 54, 55, 61, 62, 63, 64, 65, 71, 72, 73, 74, 75, 81, 82, 83, 84, 85)
HBMD469|(3, 4, 5, 6, 7, 8, 10, 11, 12, 13, 14, 15, 16, 17, 18, 20, 21, 22, 23, 24, 25, 26, 27, 28, 30, 31, 32, 33, 34, 35, 36, 37, 38, 40, 41, 42, 43, 44, 45, 46, 47, 48, 51, 52, 53, 54, 55, 61, 62, 63, 64, 65)
HBMD479|(1, 2, 3, 4, 5, 6, 7, 8, 10, 20, 30, 40, 51, 52, 53, 54, 55, 61, 62, 63, 64, 65, 71, 72, 73, 74, 75, 81, 82, 83, 84, 85)
HBMD481|(3, 4, 5, 6, 7, 8, 10, 11, 12, 13, 14, 15, 16, 17, 18, 20, 21, 22, 23, 24, 25, 26, 27, 28, 30, 31, 32, 33, 34, 35, 36, 37, 38, 40, 41, 42, 43, 44, 45, 46, 47, 48, 51, 52, 53, 54, 55, 61, 62, 63, 64, 65)
HBMD485|(1, 2, 3, 4, 5, 6, 7, 8, 10, 20, 30, 40, 51, 52, 53, 54, 55, 61, 62, 63, 64, 65, 71, 72, 73, 74, 75, 81, 82, 83, 84, 85)
HBMD488|(3, 4, 5, 6, 7, 8, 10, 11, 12, 13, 14, 15, 16, 17, 18, 20, 21, 22, 23, 24, 25, 26, 27, 28, 30, 31, 32, 33, 34, 35, 36, 37, 38, 40, 41, 42, 43, 44, 45, 46, 47, 48, 51, 52, 53, 54, 55, 61, 62, 63, 64, 65)
HBMD490|(1, 2, 3, 4, 5, 6, 7, 8, 10, 20, 30, 40, 51, 52, 53, 54, 55, 61, 62, 63, 64, 65, 71, 72, 73, 74, 75, 81, 82, 83, 84, 85)
HBMD689|(1, 2, 3, 4, 5, 6, 7, 8, 10, 13, 20, 23, 30, 33, 40, 43, 51, 52, 53, 54, 55, 61, 62, 63, 64, 65, 71, 72, 73, 74, 75, 81, 82, 83, 84, 85)
HBMD776|(1, 2, 3, 4, 5, 6, 7, 8, 10, 13, 20, 23, 30, 33, 40, 43, 51, 52, 53, 54, 55, 61, 62, 63, 64, 65, 71, 72, 73, 74, 75, 81, 82, 83, 84, 85)
HBMP001|(3, 4, 5, 6, 7, 8, 10, 11, 12, 13, 14, 15, 16, 17, 18, 20, 21, 22, 23, 24, 25, 26, 27, 28, 30, 31, 32, 33, 34, 35, 36, 37, 38, 40, 41, 42, 43, 44, 45, 46, 47, 48, 51, 52, 53, 54, 55, 61, 62, 63, 64, 65)
HBPA001|(1, 2, 3, 4, 5, 6, 7, 8, 10, 20, 30, 40, 51, 52, 53, 54, 55, 61, 62, 63, 64, 65, 71, 72, 73, 74, 75, 81, 82, 83, 84, 85)
HBPD001|(1, 2, 3, 4, 5, 6, 7, 8, 10, 20, 30, 40, 51, 52, 53, 54, 55, 61, 62, 63, 64, 65, 71, 72, 73, 74, 75, 81, 82, 83, 84, 85)
HBPD002|(1, 2, 3, 4, 5, 6, 7, 8, 10, 20, 30, 40, 51, 52, 53, 54, 55, 61, 62, 63, 64, 65, 71, 72, 73, 74, 75, 81, 82, 83, 84, 85)
HBQK041|(1, 2, 3, 4, 5, 6, 7, 8, 10, 20, 30, 40)
HBQK046|(1, 2, 3, 4, 5, 6, 7, 8, 10, 20, 30, 40)
HBQK065|(1, 2, 3, 4, 5, 6, 7, 8, 10, 20, 30, 40)
HBQK093|(1, 2, 3, 4, 5, 6, 7, 8, 10, 20, 30, 40)
HBQK142|(1, 2, 3, 4, 5, 6, 7, 8, 10, 20, 30, 40)
HBQK191|(1, 2, 3, 4, 5, 6, 7, 8, 10, 20, 30, 40)
HBQK331|(1, 2, 3, 4, 5, 6, 7, 8, 10, 20, 30, 40)
HBQK389|(1, 2, 3, 4, 5, 6, 7, 8, 10, 20, 30, 40)
HBQK424|(1, 2, 3, 4, 5, 6, 7, 8, 10, 20, 30, 40)
HBQK428|(1, 2, 3, 4, 5, 6, 7, 8, 10, 20, 30, 40)
HBQK430|(1, 2, 3, 4, 5, 6, 7, 8, 10, 20, 30, 40)
HBQK443|(1, 2, 3, 4, 5, 6, 7, 8, 10, 20, 30, 40)
HBQK476|(1, 2, 3, 4, 5, 6, 7, 8, 10, 20, 30, 40)
HBQK480|(1, 2, 3, 4, 5, 6, 7, 8, 10, 20, 30, 40)
LAPB001|(1, 2, 3, 4, 5, 6, 7, 8, 10, 20, 30, 40, 51, 52, 53, 54, 55, 61, 62, 63, 64, 65, 71, 72, 73, 74, 75, 81, 82, 83, 84, 85)
LAPB002|(1, 2, 3, 4, 5, 6, 7, 8, 10, 20, 30, 40, 51, 52, 53, 54, 55, 61, 62, 63, 64, 65, 71, 72, 73, 74, 75, 81, 82, 83, 84, 85)
LAPB003|(1, 2, 3, 4, 5, 6, 7, 8, 10, 20, 30, 40, 51, 52, 53, 54, 55, 61, 62, 63, 64, 65, 71, 72, 73, 74, 75, 81, 82, 83, 84, 85)
LAPB004|(1, 2, 3, 4, 5, 6, 7, 8, 10, 20, 30, 40, 51, 52, 53, 54, 55, 61, 62, 63, 64, 65, 71, 72, 73, 74, 75, 81, 82, 83, 84, 85)
LAPB005|(1, 2, 3, 4, 5, 6, 7, 8, 10, 20, 30, 40, 51, 52, 53, 54, 55, 61, 62, 63, 64, 65, 71, 72, 73, 74, 75, 81, 82, 83, 84, 85)
LAPB006|(1, 2, 3, 4, 5, 6, 7, 8, 10, 20, 30, 40, 51, 52, 53, 54, 55, 61, 62, 63, 64, 65, 71, 72, 73, 74, 75, 81, 82, 83, 84, 85)
LAPB007|(1, 2, 3, 4, 5, 6, 7, 8, 10, 20, 30, 40, 51, 52, 53, 54, 55, 61, 62, 63, 64, 65, 71, 72, 73, 74, 75, 81, 82, 83, 84, 85)
LAPB030|(1, 2, 3, 4, 5, 6, 7, 8, 10, 20, 30, 40, 51, 52, 53, 54, 55, 61, 62, 63, 64, 65, 71, 72, 73, 74, 75, 81, 82, 83, 84, 85)
LAPB047|(1, 2, 3, 4, 5, 6, 7, 8, 10, 20, 30, 40, 51, 52, 53, 54, 55, 61, 62, 63, 64, 65, 71, 72, 73, 74, 75, 81, 82, 83, 84, 85)
LAPB122|(1, 2, 3, 4, 5, 6, 7, 8, 10, 20, 30, 40, 51, 52, 53, 54, 55, 61, 62, 63, 64, 65, 71, 72, 73, 74, 75, 81, 82, 83, 84, 85)
LAPB311|(1, 2, 3, 4, 5, 6, 7, 8, 10, 11, 12, 13, 14, 15, 16, 17, 18, 20, 21, 22, 23, 24, 25, 26, 27, 28, 30, 34, 35, 36, 37, 38, 40, 44, 45, 46, 47, 48, 51, 52, 53, 54, 55, 61, 62, 63, 64, 65, 74, 75, 84, 85)
LAPB408|(1, 2, 3, 4, 5, 6, 7, 8, 10, 11, 12, 13, 14, 15, 16, 17, 18, 20, 21, 22, 23, 24, 25, 26, 27, 28, 30, 34, 35, 36, 37, 38, 40, 44, 45, 46, 47, 48, 51, 52, 53, 54, 55, 61, 62, 63, 64, 65, 74, 75, 84, 85)
LAPB451|(1, 2, 3, 4, 5, 6, 7, 8, 10, 11, 12, 13, 14, 15, 16, 17, 18, 20, 21, 22, 23, 24, 25, 26, 27, 28, 30, 34, 35, 36, 37, 38, 40, 44, 45, 46, 47, 48, 51, 52, 53, 54, 55, 61, 62, 63, 64, 65, 74, 75, 84, 85)
LAPB459|(1, 2, 3, 4, 5, 6, 7, 8, 10, 11, 12, 13, 14, 15, 16, 17, 18, 20, 21, 22, 23, 24, 25, 26, 27, 28, 30, 34, 35, 36, 37, 38, 40, 44, 45, 46, 47, 48, 51, 52, 53, 54, 55, 61, 62, 63, 64, 65, 74, 75, 84, 85)
LBGA002|(1, 2, 3, 4, 5, 6, 7, 8, 10, 20, 30, 40, 51, 52, 53, 54, 55, 61, 62, 63, 64, 65, 71, 72, 73, 74, 75, 81, 82, 83, 84, 85)
LBGA003|(1, 2, 3, 4, 5, 6, 7, 8, 10, 20, 30, 40, 51, 52, 53, 54, 55, 61, 62, 63, 64, 65, 71, 72, 73, 74, 75, 81, 82, 83, 84, 85)
LBGA004|(1, 2, 3, 4, 5, 6, 7, 8, 10, 20, 30, 40, 51, 52, 53, 54, 55, 61, 62, 63, 64, 65, 71, 72, 73, 74, 75, 81, 82, 83, 84, 85)
LBGA006|(1, 2, 3, 4, 5, 6, 7, 8, 10, 20, 30, 40, 51, 52, 53, 54, 55, 61, 62, 63, 64, 65, 71, 72, 73, 74, 75, 81, 82, 83, 84, 85)
LBGA007|(1, 2, 3, 4, 5, 6, 7, 8, 10, 20, 30, 40, 51, 52, 53, 54, 55, 61, 62, 63, 64, 65, 71, 72, 73, 74, 75, 81, 82, 83, 84, 85)
LBGA008|(1, 2, 3, 4, 5, 6, 7, 8, 10, 20, 30, 40, 51, 52, 53, 54, 55, 61, 62, 63, 64, 65, 71, 72, 73, 74, 75, 81, 82, 83, 84, 85)
LBGA009|(1, 2, 3, 4, 5, 6, 7, 8, 10, 20, 30, 40, 51, 52, 53, 54, 55, 61, 62, 63, 64, 65, 71, 72, 73, 74, 75, 81, 82, 83, 84, 85)
LBGA049|(1, 2, 3, 4, 5, 6, 7, 8, 10, 11, 12, 13, 14, 15, 16, 17, 18, 20, 21, 22, 23, 24, 25, 26, 27, 28, 30, 34, 35, 36, 37, 38, 40, 44, 45, 46, 47, 48, 51, 52, 53, 54, 55, 61, 62, 63, 64, 65, 74, 75, 84, 85)
LBGA052|(1, 2, 3, 4, 5, 6, 7, 8, 10, 20, 30, 40, 51, 52, 53, 54, 55, 61, 62, 63, 64, 65, 71, 72, 73, 74, 75, 81, 82, 83, 84, 85)
LBGA139|(1, 2, 3, 4, 5, 6, 7, 8, 10, 20, 30, 40, 51, 52, 53, 54, 55, 61, 62, 63, 64, 65, 71, 72, 73, 74, 75, 81, 82, 83, 84, 85)
LBGA168|(1, 2, 3, 4, 5, 6, 7, 8, 10, 20, 30, 40, 51, 52, 53, 54, 55, 61, 62, 63, 64, 65, 71, 72, 73, 74, 75, 81, 82, 83, 84, 85)
LBGA280|(1, 2, 3, 4, 5, 6, 7, 8, 10, 11, 12, 13, 14, 15, 16, 17, 18, 20, 21, 22, 23, 24, 25, 26, 27, 28, 30, 34, 35, 36, 37, 38, 40, 44, 45, 46, 47, 48, 51, 52, 53, 54, 55, 61, 62, 63, 64, 65, 74, 75, 84, 85)
LBGA354|(1, 2, 3, 4, 5, 6, 7, 8, 10, 11, 12, 13, 14, 15, 16, 17, 18, 20, 21, 22, 23, 24, 25, 26, 27, 28, 30, 34, 35, 36, 37, 38, 40, 44, 45, 46, 47, 48, 51, 52, 53, 54, 55, 61, 62, 63, 64, 65, 74, 75, 84, 85)
LBGA441|(1, 2, 3, 4, 5, 6, 7, 8, 10, 11, 12, 13, 14, 15, 16, 17, 18, 20, 21, 22, 23, 24, 25, 26, 27, 28, 30, 34, 35, 36, 37, 38, 40, 44, 45, 46, 47, 48, 51, 52, 53, 54, 55, 61, 62, 63, 64, 65, 74, 75, 84, 85)
LBLD001|(3, 4, 5, 6, 7, 8, 10, 11, 12, 13, 14, 15, 16, 17, 18, 20, 21, 22, 23, 24, 25, 26, 27, 28, 30, 31, 32, 33, 34, 35, 36, 37, 38, 40, 41, 42, 43, 44, 45, 46, 47, 48, 51, 52, 53, 54, 55, 61, 62, 63, 64, 65)
LBLD003|(3, 4, 5, 6, 7, 8, 10, 11, 12, 13, 14, 15, 16, 17, 18, 20, 21, 22, 23, 24, 25, 26, 27, 28, 30, 31, 32, 33, 34, 35, 36, 37, 38, 40, 41, 42, 43, 44, 45, 46, 47, 48, 51, 52, 53, 54, 55, 61, 62, 63, 64, 65)
LBLD004|(1, 2, 3, 4, 5, 6, 7, 8, 10, 20, 30, 40, 51, 52, 53, 54, 55, 61, 62, 63, 64, 65, 71, 72, 73, 74, 75, 81, 82, 83, 84, 85)
LBLD006|(3, 4, 5, 6, 7, 8, 10, 11, 12, 13, 14, 15, 16, 17, 18, 20, 21, 22, 23, 24, 25, 26, 27, 28, 30, 31, 32, 33, 34, 35, 36, 37, 38, 40, 41, 42, 43, 44, 45, 46, 47, 48, 51, 52, 53, 54, 55, 61, 62, 63, 64, 65)
LBLD010|(1, 2, 3, 4, 5, 6, 7, 8, 10, 20, 30, 40, 51, 52, 53, 54, 55, 61, 62, 63, 64, 65, 71, 72, 73, 74, 75, 81, 82, 83, 84, 85)
LBLD013|(1, 2, 3, 4, 5, 6, 7, 8, 10, 20, 30, 40, 51, 52, 53, 54, 55, 61, 62, 63, 64, 65, 71, 72, 73, 74, 75, 81, 82, 83, 84, 85)
LBLD014|(3, 4, 5, 6, 7, 8, 10, 11, 12, 13, 14, 15, 16, 17, 18, 20, 21, 22, 23, 24, 25, 26, 27, 28, 30, 31, 32, 33, 34, 35, 36, 37, 38, 40, 41, 42, 43, 44, 45, 46, 47, 48, 51, 52, 53, 54, 55, 61, 62, 63, 64, 65)
LBLD015|(1, 2, 3, 4, 5, 6, 7, 8, 10, 20, 30, 40, 51, 52, 53, 54, 55, 61, 62, 63, 64, 65, 71, 72, 73, 74, 75, 81, 82, 83, 84, 85)
LBLD019|(1, 2, 3, 4, 5, 6, 7, 8, 10, 20, 30, 40, 51, 52, 53, 54, 55, 61, 62, 63, 64, 65, 71, 72, 73, 74, 75, 81, 82, 83, 84, 85)
LBLD020|(1, 2, 3, 4, 5, 6, 7, 8, 10, 20, 30, 40, 51, 52, 53, 54, 55, 61, 62, 63, 64, 65, 71, 72, 73, 74, 75, 81, 82, 83, 84, 85)
LBLD025|(1, 2, 3, 4, 5, 6, 7, 8, 10, 20, 30, 40, 51, 52, 53, 54, 55, 61, 62, 63, 64, 65, 71, 72, 73, 74, 75, 81, 82, 83, 84, 85)
LBLD026|(1, 2, 3, 4, 5, 6, 7, 8, 10, 20, 30, 40, 51, 52, 53, 54, 55, 61, 62, 63, 64, 65, 71, 72, 73, 74, 75, 81, 82, 83, 84, 85)
LBLD034|(3, 4, 5, 6, 7, 8, 10, 11, 12, 13, 14, 15, 16, 17, 18, 20, 21, 22, 23, 24, 25, 26, 27, 28, 30, 31, 32, 33, 34, 35, 36, 37, 38, 40, 41, 42, 43, 44, 45, 46, 47, 48, 51, 52, 53, 54, 55, 61, 62, 63, 64, 65)
LBLD038|(1, 2, 3, 4, 5, 6, 7, 8, 10, 20, 30, 40, 51, 52, 53, 54, 55, 61, 62, 63, 64, 65, 71, 72, 73, 74, 75, 81, 82, 83, 84, 85)
LBLD057|(3, 4, 5, 6, 7, 8, 10, 11, 12, 13, 14, 15, 16, 17, 18, 20, 21, 22, 23, 24, 25, 26, 27, 28, 30, 31, 32, 33, 34, 35, 36, 37, 38, 40, 41, 42, 43, 44, 45, 46, 47, 48, 51, 52, 53, 54, 55, 61, 62, 63, 64, 65)
LBLD066|(1, 2, 3, 4, 5, 6, 7, 8, 10, 11, 12, 13, 14, 15, 16, 17, 18, 20, 21, 22, 23, 24, 25, 26, 27, 28, 30, 34, 35, 36, 37, 38, 40, 44, 45, 46, 47, 48, 51, 52, 53, 54, 55, 61, 62, 63, 64, 65, 74, 75, 84, 85)
LBLD073|(1, 2, 3, 4, 5, 6, 7, 8, 10, 20, 30, 40, 51, 52, 53, 54, 55, 61, 62, 63, 64, 65, 71, 72, 73, 74, 75, 81, 82, 83, 84, 85)
LBLD075|(1, 2, 3, 4, 5, 6, 7, 8, 10, 11, 12, 13, 14, 15, 16, 17, 18, 20, 21, 22, 23, 24, 25, 26, 27, 28, 30, 34, 35, 36, 37, 38, 40, 44, 45, 46, 47, 48, 51, 52, 53, 54, 55, 61, 62, 63, 64, 65, 74, 75, 84, 85)
LBLD086|(1, 2, 3, 4, 5, 6, 7, 8, 10, 20, 30, 40, 51, 52, 53, 54, 55, 61, 62, 63, 64, 65, 71, 72, 73, 74, 75, 81, 82, 83, 84, 85)
LBLD117|(1, 2, 3, 4, 5, 6, 7, 8, 10, 11, 12, 13, 14, 15, 16, 17, 18, 20, 21, 22, 23, 24, 25, 26, 27, 28, 30, 34, 35, 36, 37, 38, 40, 44, 45, 46, 47, 48, 51, 52, 53, 54, 55, 61, 62, 63, 64, 65, 74, 75, 84, 85)
LBLD143|(1, 2, 3, 4, 5, 6, 7, 8, 10, 20, 30, 40, 51, 52, 53, 54, 55, 61, 62, 63, 64, 65, 71, 72, 73, 74, 75, 81, 82, 83, 84, 85)
LBLD193|(1, 2, 3, 4, 5, 6, 7, 8, 10, 20, 30, 40, 51, 52, 53, 54, 55, 61, 62, 63, 64, 65, 71, 72, 73, 74, 75, 81, 82, 83, 84, 85)
LBLD200|(1, 2, 3, 4, 5, 6, 7, 8, 10, 20, 30, 40, 51, 52, 53, 54, 55, 61, 62, 63, 64, 65, 71, 72, 73, 74, 75, 81, 82, 83, 84, 85)
LBLD214|(1, 2, 3, 4, 5, 6, 7, 8, 10, 20, 30, 40, 51, 52, 53, 54, 55, 61, 62, 63, 64, 65, 71, 72, 73, 74, 75, 81, 82, 83, 84, 85)
LBLD235|(1, 2, 3, 4, 5, 6, 7, 8, 10, 20, 30, 40, 51, 52, 53, 54, 55, 61, 62, 63, 64, 65, 71, 72, 73, 74, 75, 81, 82, 83, 84, 85)
LBLD270|(1, 2, 3, 4, 5, 6, 7, 8, 10, 20, 30, 40, 51, 52, 53, 54, 55, 61, 62, 63, 64, 65, 71, 72, 73, 74, 75, 81, 82, 83, 84, 85)
LBLD281|(1, 2, 3, 4, 5, 6, 7, 8, 10, 11, 12, 13, 14, 15, 16, 17, 18, 20, 21, 22, 23, 24, 25, 26, 27, 28, 30, 34, 35, 36, 37, 38, 40, 44, 45, 46, 47, 48, 51, 52, 53, 54, 55, 61, 62, 63, 64, 65, 74, 75, 84, 85)
LBLD294|(1, 2, 3, 4, 5, 6, 7, 8, 10, 20, 30, 40, 51, 52, 53, 54, 55, 61, 62, 63, 64, 65, 71, 72, 73, 74, 75, 81, 82, 83, 84, 85)
LBLD311|(1, 2, 3, 4, 5, 6, 7, 8, 10, 20, 30, 40, 51, 52, 53, 54, 55, 61, 62, 63, 64, 65, 71, 72, 73, 74, 75, 81, 82, 83, 84, 85)
LBLD447|(1, 2, 3, 4, 5, 6, 7, 8, 10, 20, 30, 40, 51, 52, 53, 54, 55, 61, 62, 63, 64, 65, 71, 72, 73, 74, 75, 81, 82, 83, 84, 85)
YYYY079|(1, 2, 3, 4, 5, 6, 7, 8, 10, 20, 30, 40, 51, 52, 53, 54, 55, 61, 62, 63, 64, 65, 71, 72, 73, 74, 75, 81, 82, 83, 84, 85)
YYYY142|(1, 2, 3, 4, 5, 6, 7, 8, 10, 20, 30, 40, 51, 52, 53, 54, 55, 61, 62, 63, 64, 65, 71, 72, 73, 74, 75, 81, 82, 83, 84, 85)
YYYY158|(1, 2, 3, 4, 5, 6, 7, 8, 10, 20, 30, 40, 51, 52, 53, 54, 55, 61, 62, 63, 64, 65, 71, 72, 73, 74, 75, 81, 82, 83, 84, 85)
YYYY159|(1, 2, 3, 4, 5, 6, 7, 8, 10, 20, 30, 40, 51, 52, 53, 54, 55, 61, 62, 63, 64, 65, 71, 72, 73, 74, 75, 81, 82, 83, 84, 85)
YYYY176|(1, 2, 3, 4, 5, 6, 7, 8, 10, 20, 30, 40, 51, 52, 53, 54, 55, 61, 62, 63, 64, 65, 71, 72, 73, 74, 75, 81, 82, 83, 84, 85)
YYYY184|(1, 2, 3, 4, 5, 6, 7, 8, 10, 20, 30, 40, 51, 52, 53, 54, 55, 61, 62, 63, 64, 65, 71, 72, 73, 74, 75, 81, 82, 83, 84, 85)
YYYY236|(1, 2, 3, 4, 5, 6, 7, 8, 10, 20, 30, 40, 51, 52, 53, 54, 55, 61, 62, 63, 64, 65, 71, 72, 73, 74, 75, 81, 82, 83, 84, 85)
YYYY246|(1, 2, 3, 4, 5, 6, 7, 8, 10, 20, 30, 40, 51, 52, 53, 54, 55, 61, 62, 63, 64, 65, 71, 72, 73, 74, 75, 81, 82, 83, 84, 85)
YYYY258|(1, 2, 3, 4, 5, 6, 7, 8, 10, 20, 30, 40, 51, 52, 53, 54, 55, 61, 62, 63, 64, 65, 71, 72, 73, 74, 75, 81, 82, 83, 84, 85)
YYYY259|(1, 2, 3, 4, 5, 6, 7, 8, 10, 20, 30, 40, 51, 52, 53, 54, 55, 61, 62, 63, 64, 65, 71, 72, 73, 74, 75, 81, 82, 83, 84, 85)
YYYY275|(1, 2, 3, 4, 5, 6, 7, 8, 10, 20, 30, 40, 51, 52, 53, 54, 55, 61, 62, 63, 64, 65, 71, 72, 73, 74, 75, 81, 82, 83, 84, 85)
YYYY284|(1, 2, 3, 4, 5, 6, 7, 8, 10, 20, 30, 40, 51, 52, 53, 54, 55, 61, 62, 63, 64, 65, 71, 72, 73, 74, 75, 81, 82, 83, 84, 85)
YYYY329|(1, 2, 3, 4, 5, 6, 7, 8, 10, 20, 30, 40, 51, 52, 53, 54, 55, 61, 62, 63, 64, 65, 71, 72, 73, 74, 75, 81, 82, 83, 84, 85)
YYYY353|(1, 2, 3, 4, 5, 6, 7, 8, 10, 20, 30, 40, 51, 52, 53, 54, 55, 61, 62, 63, 64, 65, 71, 72, 73, 74, 75, 81, 82, 83, 84, 85)
YYYY389|(1, 2, 3, 4, 5, 6, 7, 8, 10, 20, 30, 40, 51, 52, 53, 54, 55, 61, 62, 63, 64, 65, 71, 72, 73, 74, 75, 81, 82, 83, 84, 85)
YYYY426|(1, 2, 3, 4, 5, 6, 7, 8, 10, 20, 30, 40, 51, 52, 53, 54, 55, 61, 62, 63, 64, 65, 71, 72, 73, 74, 75, 81, 82, 83, 84, 85)
YYYY440|(1, 2, 3, 4, 5, 6, 7, 8, 10, 20, 30, 40, 51, 52, 53, 54, 55, 61, 62, 63, 64, 65, 71, 72, 73, 74, 75, 81, 82, 83, 84, 85)
YYYY447|(1, 2, 3, 4, 5, 6, 7, 8, 10, 20, 30, 40, 51, 52, 53, 54, 55, 61, 62, 63, 64, 65, 71, 72, 73, 74, 75, 81, 82, 83, 84, 85)
YYYY476|(1, 2, 3, 4, 5, 6, 7, 8, 10, 20, 30, 40, 51, 52, 53, 54, 55, 61, 62, 63, 64, 65, 71, 72, 73, 74, 75, 81, 82, 83, 84, 85)
YYYY478|(1, 2, 3, 4, 5, 6, 7, 8, 10, 20, 30, 40, 51, 52, 53, 54, 55, 61, 62, 63, 64, 65, 71, 72, 73, 74, 75, 81, 82, 83, 84, 85)
