M2020-01,11,29,090320,ARBREDEC
M2020-01,11,29,090320,1568,5
0   ,30,0  ,0  ,2  ,1    
1   ,5 ,8  ,6  ,2  ,3    
2   ,2 ,20 ,7  ,2  ,5    
3   ,12,6  ,90 ,0  ,5017 
4   ,5 ,4  ,5  ,2  ,7    
5   ,2 ,17 ,1  ,2  ,9    
6   ,2 ,17 ,2  ,2  ,11   
7   ,5 ,4  ,6  ,2  ,13   
8   ,2 ,23 ,7  ,2  ,15   
9   ,5 ,6  ,6  ,2  ,17   
10  ,29,0  ,0  ,2  ,19   
11  ,2 ,17 ,3  ,2  ,21   
12  ,12,0  ,27 ,0  ,1020 
13  ,5 ,17 ,7  ,2  ,23   
14  ,12,0  ,28 ,0  ,5077 
15  ,2 ,24 ,0  ,2  ,25   
16  ,12,0  ,28 ,0  ,5017 
17  ,5 ,6  ,3  ,2  ,27   
18  ,36,6  ,7  ,2  ,29   
19  ,2 ,23 ,5  ,2  ,31   
20  ,12,0  ,27 ,0  ,5046 
21  ,2 ,17 ,4  ,2  ,33   
22  ,12,0  ,27 ,0  ,1030 
23  ,5 ,8  ,2  ,2  ,35   
24  ,12,0  ,28 ,0  ,5177 
25  ,2 ,30 ,5  ,2  ,37   
26  ,12,0  ,28 ,0  ,5027 
27  ,6 ,6  ,3  ,2  ,39   
28  ,6 ,6  ,4  ,2  ,41   
29  ,36,7  ,0  ,2  ,43   
30  ,36,7  ,0  ,2  ,45   
31  ,12,0  ,27 ,0  ,5037 
32  ,12,0  ,27 ,0  ,5020 
33  ,2 ,3  ,2  ,2  ,47   
34  ,12,0  ,27 ,0  ,1040 
35  ,5 ,8  ,3  ,2  ,49   
36  ,2 ,40 ,5  ,2  ,51   
37  ,5 ,13 ,5  ,2  ,53   
38  ,12,0  ,28 ,0  ,5037 
39  ,3 ,7  ,1  ,2  ,55   
40  ,5 ,6  ,4  ,2  ,57   
41  ,20,0  ,27 ,1  ,0    
42  ,19,9  ,0  ,2  ,59   
43  ,36,7  ,1  ,2  ,61   
44  ,20,0  ,45 ,1  ,0    
45  ,36,7  ,1  ,2  ,63   
46  ,2 ,0  ,0  ,2  ,65   
47  ,2 ,11 ,4  ,2  ,67   
48  ,12,0  ,27 ,0  ,1050 
49  ,5 ,7  ,7  ,2  ,69   
50  ,2 ,44 ,1  ,2  ,71   
51  ,2 ,40 ,6  ,2  ,73   
52  ,12,0  ,28 ,0  ,5197 
53  ,12,214,90 ,0  ,5027 
54  ,12,0  ,28 ,0  ,5047 
55  ,5 ,16 ,7  ,2  ,75   
56  ,19,7  ,2  ,2  ,77   
57  ,20,0  ,39 ,1  ,0    
58  ,20,0  ,42 ,1  ,0    
59  ,3 ,12 ,0  ,2  ,79   
60  ,12,0  ,25 ,0  ,5025 
61  ,36,7  ,2  ,2  ,81   
62  ,20,0  ,63 ,1  ,0    
63  ,36,7  ,2  ,2  ,83   
64  ,20,0  ,46 ,1  ,0    
65  ,12,0  ,26 ,0  ,4020 
66  ,12,0  ,26 ,0  ,1020 
67  ,2 ,34 ,4  ,2  ,85   
68  ,12,0  ,27 ,0  ,1060 
69  ,5 ,15 ,6  ,2  ,87   
70  ,12,0  ,28 ,0  ,5147 
71  ,2 ,27 ,0  ,2  ,89   
72  ,20,0  ,2  ,1  ,0    
73  ,2 ,40 ,7  ,2  ,91   
74  ,12,0  ,28 ,0  ,5207 
75  ,2 ,0  ,0  ,2  ,93   
76  ,12,0  ,15 ,0  ,5105 
77  ,19,6  ,2  ,2  ,95   
78  ,3 ,28 ,1  ,2  ,97   
79  ,12,0  ,25 ,0  ,5030 
80  ,2 ,0  ,0  ,2  ,99   
81  ,36,7  ,3  ,2  ,101  
82  ,20,0  ,83 ,1  ,0    
83  ,36,7  ,3  ,2  ,103  
84  ,20,0  ,46 ,1  ,0    
85  ,12,200,90 ,0  ,5027 
86  ,12,0  ,27 ,0  ,1070 
87  ,5 ,16 ,5  ,2  ,105  
88  ,12,0  ,28 ,0  ,5157 
89  ,2 ,22 ,5  ,2  ,107  
90  ,12,0  ,28 ,0  ,5107 
91  ,2 ,41 ,0  ,2  ,109  
92  ,12,0  ,28 ,0  ,5217 
93  ,19,7  ,0  ,2  ,111  
94  ,39,0  ,0  ,1  ,113  
95  ,19,0  ,2  ,2  ,114  
96  ,20,0  ,78 ,1  ,0    
97  ,20,0  ,55 ,1  ,0    
98  ,3 ,0  ,0  ,2  ,116  
99  ,18,6  ,5  ,2  ,118  
100 ,12,0  ,25 ,0  ,1020 
101 ,36,7  ,4  ,2  ,120  
102 ,20,0  ,103,1  ,0    
103 ,36,7  ,4  ,2  ,122  
104 ,20,0  ,46 ,1  ,0    
105 ,12,202,90 ,0  ,5027 
106 ,12,0  ,28 ,0  ,5167 
107 ,2 ,39 ,3  ,2  ,124  
108 ,12,0  ,28 ,0  ,5117 
109 ,12,215,90 ,0  ,5027 
110 ,12,0  ,28 ,0  ,5227 
111 ,19,9  ,0  ,2  ,126  
112 ,19,1  ,1  ,2  ,128  
113 ,38,10 ,10 ,2  ,130  
114 ,5 ,17 ,1  ,2  ,132  
115 ,20,0  ,78 ,1  ,0    
116 ,42,9  ,196,2  ,134  
117 ,20,0  ,114,1  ,0    
118 ,36,6  ,5  ,2  ,136  
119 ,12,0  ,25 ,0  ,4023 
120 ,36,7  ,5  ,2  ,138  
121 ,20,0  ,122,1  ,0    
122 ,36,7  ,5  ,2  ,140  
123 ,20,0  ,46 ,1  ,0    
124 ,2 ,41 ,1  ,2  ,142  
125 ,12,0  ,28 ,0  ,5187 
126 ,39,0  ,0  ,1  ,144  
127 ,22,0  ,4  ,2  ,145  
128 ,20,0  ,126,1  ,0    
129 ,22,0  ,4  ,2  ,147  
130 ,38,8  ,9  ,2  ,149  
131 ,7 ,22 ,4  ,2  ,151  
132 ,20,0  ,153,1  ,0    
133 ,34,0  ,0  ,1  ,153  
134 ,20,0  ,114,1  ,0    
135 ,20,0  ,55 ,1  ,0    
136 ,12,0  ,25 ,0  ,4021 
137 ,12,0  ,25 ,0  ,4022 
138 ,20,0  ,17 ,1  ,0    
139 ,20,0  ,140,1  ,0    
140 ,36,7  ,6  ,2  ,154  
141 ,20,0  ,46 ,1  ,0    
142 ,2 ,41 ,2  ,2  ,156  
143 ,12,0  ,28 ,0  ,5237 
144 ,38,1  ,1  ,2  ,158  
145 ,12,0  ,15 ,0  ,4045 
146 ,12,0  ,15 ,0  ,4035 
147 ,20,0  ,126,1  ,0    
148 ,12,0  ,15 ,0  ,4027 
149 ,38,1  ,7  ,2  ,160  
150 ,7 ,22 ,4  ,2  ,162  
151 ,12,0  ,15 ,0  ,1061 
152 ,12,0  ,15 ,0  ,1062 
153 ,0 ,0  ,0  ,24 ,164  
154 ,20,0  ,17 ,1  ,0    
155 ,20,0  ,46 ,1  ,0    
156 ,2 ,41 ,3  ,2  ,188  
157 ,12,0  ,28 ,0  ,5247 
158 ,38,2  ,2  ,2  ,190  
159 ,7 ,22 ,4  ,2  ,192  
160 ,12,213,90 ,0  ,5027 
161 ,2 ,43 ,4  ,2  ,194  
162 ,12,0  ,15 ,0  ,1051 
163 ,12,0  ,15 ,0  ,1052 
164 ,1 ,1  ,0  ,3  ,196  
165 ,2 ,18 ,0  ,2  ,199  
166 ,2 ,18 ,1  ,2  ,201  
167 ,2 ,18 ,2  ,2  ,203  
168 ,2 ,18 ,3  ,2  ,205  
169 ,2 ,18 ,4  ,2  ,207  
170 ,2 ,18 ,5  ,2  ,209  
171 ,2 ,18 ,6  ,2  ,211  
172 ,2 ,18 ,7  ,2  ,213  
173 ,5 ,11 ,3  ,2  ,215  
174 ,2 ,19 ,1  ,2  ,217  
175 ,2 ,19 ,2  ,2  ,219  
176 ,14,2  ,0  ,2  ,221  
177 ,14,1  ,0  ,2  ,223  
178 ,14,2  ,0  ,2  ,225  
179 ,12,211,90 ,0  ,5027 
180 ,2 ,19 ,7  ,2  ,227  
181 ,5 ,8  ,2  ,2  ,229  
182 ,2 ,0  ,0  ,2  ,231  
183 ,2 ,0  ,0  ,2  ,233  
184 ,1 ,1  ,0  ,6  ,235  
185 ,2 ,20 ,4  ,2  ,241  
186 ,19,7  ,0  ,2  ,243  
187 ,5 ,15 ,3  ,2  ,245  
188 ,12,216,90 ,0  ,5027 
189 ,12,0  ,28 ,0  ,5257 
190 ,38,3  ,3  ,2  ,247  
191 ,7 ,22 ,4  ,2  ,249  
192 ,7 ,22 ,5  ,2  ,251  
193 ,12,0  ,15 ,0  ,4054 
194 ,2 ,43 ,5  ,2  ,253  
195 ,7 ,22 ,4  ,2  ,255  
196 ,12,3  ,90 ,0  ,5017 
197 ,12,3  ,90 ,0  ,5017 
198 ,12,5  ,90 ,0  ,5017 
199 ,9 ,23 ,0  ,2  ,257  
200 ,2 ,25 ,6  ,2  ,259  
201 ,9 ,23 ,0  ,2  ,261  
202 ,2 ,28 ,0  ,2  ,263  
203 ,9 ,23 ,0  ,2  ,265  
204 ,2 ,37 ,6  ,2  ,267  
205 ,9 ,23 ,0  ,2  ,269  
206 ,2 ,3  ,0  ,2  ,271  
207 ,2 ,45 ,0  ,2  ,273  
208 ,2 ,3  ,3  ,2  ,275  
209 ,9 ,23 ,0  ,2  ,277  
210 ,2 ,5  ,1  ,2  ,279  
211 ,9 ,23 ,0  ,2  ,281  
212 ,2 ,17 ,7  ,2  ,283  
213 ,9 ,23 ,0  ,2  ,285  
214 ,5 ,19 ,7  ,2  ,287  
215 ,2 ,19 ,0  ,2  ,289  
216 ,6 ,26 ,4  ,2  ,291  
217 ,9 ,23 ,0  ,2  ,293  
218 ,2 ,23 ,1  ,2  ,295  
219 ,9 ,23 ,0  ,2  ,297  
220 ,2 ,11 ,5  ,2  ,299  
221 ,2 ,19 ,3  ,2  ,301  
222 ,12,2  ,90 ,0  ,5017 
223 ,2 ,19 ,4  ,2  ,303  
224 ,12,2  ,90 ,0  ,5017 
225 ,12,2  ,90 ,0  ,5017 
226 ,6 ,5  ,0  ,2  ,305  
227 ,9 ,23 ,0  ,2  ,307  
228 ,2 ,15 ,0  ,2  ,309  
229 ,2 ,0  ,0  ,2  ,311  
230 ,12,212,90 ,0  ,5017 
231 ,22,0  ,2  ,2  ,313  
232 ,12,0  ,18 ,0  ,1020 
233 ,35,0  ,0  ,2  ,315  
234 ,12,0  ,19 ,0  ,1020 
235 ,12,201,90 ,0  ,5027 
236 ,12,0  ,20 ,0  ,5020 
237 ,12,0  ,20 ,0  ,5030 
238 ,12,0  ,20 ,0  ,5040 
239 ,12,0  ,20 ,0  ,5050 
240 ,12,0  ,20 ,0  ,5060 
241 ,9 ,23 ,0  ,2  ,317  
242 ,2 ,15 ,5  ,2  ,319  
243 ,36,4  ,4  ,2  ,321  
244 ,19,1  ,1  ,2  ,323  
245 ,13,1  ,0  ,2  ,325  
246 ,12,0  ,23 ,0  ,5037 
247 ,38,4  ,4  ,2  ,327  
248 ,7 ,22 ,7  ,2  ,329  
249 ,7 ,22 ,5  ,2  ,331  
250 ,12,0  ,15 ,0  ,4064 
251 ,7 ,22 ,6  ,2  ,333  
252 ,12,0  ,15 ,0  ,4053 
253 ,7 ,22 ,4  ,2  ,335  
254 ,7 ,22 ,4  ,2  ,337  
255 ,12,0  ,15 ,0  ,1021 
256 ,12,0  ,15 ,0  ,1022 
257 ,2 ,0  ,0  ,2  ,339  
258 ,28,80 ,0  ,1  ,339  
259 ,2 ,0  ,1  ,2  ,341  
260 ,12,0  ,1  ,0  ,1090 
261 ,2 ,0  ,0  ,2  ,343  
262 ,28,80 ,0  ,1  ,343  
263 ,2 ,0  ,6  ,2  ,345  
264 ,12,0  ,2  ,0  ,1090 
265 ,2 ,0  ,0  ,2  ,347  
266 ,28,80 ,0  ,1  ,347  
267 ,2 ,1  ,5  ,2  ,349  
268 ,12,0  ,3  ,0  ,1250 
269 ,2 ,0  ,0  ,2  ,351  
270 ,28,80 ,0  ,1  ,351  
271 ,2 ,37 ,1  ,2  ,353  
272 ,12,0  ,4  ,0  ,1020 
273 ,9 ,23 ,0  ,2  ,355  
274 ,20,0  ,208,1  ,0    
275 ,2 ,3  ,5  ,2  ,357  
276 ,2 ,3  ,4  ,2  ,359  
277 ,2 ,0  ,0  ,2  ,361  
278 ,28,80 ,0  ,1  ,361  
279 ,2 ,5  ,2  ,2  ,363  
280 ,12,0  ,6  ,0  ,1030 
281 ,2 ,0  ,0  ,2  ,365  
282 ,28,80 ,0  ,1  ,365  
283 ,2 ,30 ,2  ,2  ,367  
284 ,36,15 ,0  ,2  ,369  
285 ,2 ,0  ,0  ,2  ,371  
286 ,28,80 ,0  ,1  ,371  
287 ,10,7  ,4  ,2  ,373  
288 ,2 ,47 ,3  ,2  ,375  
289 ,9 ,23 ,0  ,2  ,377  
290 ,2 ,9  ,5  ,2  ,379  
291 ,12,0  ,9  ,0  ,5021 
292 ,12,0  ,9  ,0  ,5022 
293 ,2 ,0  ,0  ,2  ,381  
294 ,28,80 ,0  ,1  ,381  
295 ,2 ,23 ,2  ,2  ,383  
296 ,12,0  ,10 ,0  ,1020 
297 ,2 ,0  ,0  ,2  ,385  
298 ,28,80 ,0  ,1  ,385  
299 ,2 ,11 ,7  ,2  ,387  
300 ,43,11 ,4  ,2  ,389  
301 ,9 ,23 ,0  ,2  ,391  
302 ,2 ,12 ,3  ,2  ,393  
303 ,9 ,23 ,0  ,2  ,395  
304 ,29,0  ,0  ,2  ,397  
305 ,36,22 ,3  ,2  ,399  
306 ,13,1  ,3  ,2  ,401  
307 ,2 ,0  ,0  ,2  ,403  
308 ,28,80 ,0  ,1  ,403  
309 ,2 ,15 ,1  ,2  ,405  
310 ,12,0  ,16 ,0  ,1020 
311 ,29,0  ,0  ,2  ,407  
312 ,2 ,47 ,4  ,2  ,409  
313 ,35,0  ,0  ,2  ,411  
314 ,19,9  ,0  ,2  ,413  
315 ,1 ,1  ,0  ,15 ,415  
316 ,12,0  ,19 ,0  ,4217 
317 ,2 ,0  ,0  ,2  ,430  
318 ,28,80 ,0  ,1  ,430  
319 ,2 ,15 ,7  ,2  ,432  
320 ,12,0  ,21 ,0  ,1060 
321 ,2 ,20 ,5  ,2  ,434  
322 ,12,0  ,22 ,0  ,5020 
323 ,20,0  ,243,1  ,0    
324 ,22,0  ,2  ,2  ,436  
325 ,2 ,0  ,0  ,2  ,438  
326 ,12,0  ,23 ,0  ,5027 
327 ,38,5  ,5  ,2  ,440  
328 ,7 ,22 ,7  ,2  ,442  
329 ,7 ,23 ,0  ,2  ,444  
330 ,12,0  ,15 ,0  ,4073 
331 ,7 ,22 ,6  ,2  ,446  
332 ,12,0  ,15 ,0  ,4063 
333 ,12,0  ,15 ,0  ,4051 
334 ,12,0  ,15 ,0  ,4052 
335 ,12,0  ,15 ,0  ,1041 
336 ,12,0  ,15 ,0  ,1042 
337 ,12,0  ,15 ,0  ,1031 
338 ,12,0  ,15 ,0  ,1032 
339 ,2 ,26 ,0  ,2  ,448  
340 ,28,222,0  ,1  ,339  
341 ,2 ,25 ,7  ,2  ,450  
342 ,3 ,17 ,0  ,2  ,452  
343 ,35,0  ,0  ,2  ,454  
344 ,28,222,0  ,1  ,343  
345 ,2 ,0  ,7  ,2  ,456  
346 ,12,0  ,2  ,0  ,1020 
347 ,29,0  ,0  ,2  ,458  
348 ,28,222,0  ,1  ,347  
349 ,2 ,26 ,2  ,2  ,460  
350 ,12,0  ,3  ,0  ,1260 
351 ,29,0  ,0  ,2  ,462  
352 ,28,222,0  ,1  ,351  
353 ,2 ,3  ,1  ,2  ,464  
354 ,12,0  ,4  ,0  ,1040 
355 ,2 ,0  ,0  ,2  ,466  
356 ,28,80 ,0  ,1  ,466  
357 ,2 ,3  ,6  ,2  ,468  
358 ,2 ,3  ,4  ,2  ,470  
359 ,12,0  ,5  ,0  ,1030 
360 ,12,0  ,5  ,0  ,1020 
361 ,22,0  ,2  ,2  ,472  
362 ,28,222,0  ,1  ,361  
363 ,2 ,5  ,3  ,2  ,474  
364 ,12,0  ,6  ,0  ,1040 
365 ,2 ,47 ,1  ,2  ,476  
366 ,28,222,0  ,1  ,365  
367 ,2 ,30 ,3  ,2  ,478  
368 ,12,0  ,7  ,0  ,1110 
369 ,12,0  ,7  ,0  ,1100 
370 ,12,0  ,7  ,0  ,1090 
371 ,29,0  ,0  ,2  ,480  
372 ,28,222,0  ,1  ,371  
373 ,2 ,26 ,3  ,2  ,482  
374 ,12,0  ,8  ,0  ,1020 
375 ,12,0  ,8  ,0  ,1620 
376 ,12,0  ,8  ,0  ,1610 
377 ,2 ,0  ,0  ,2  ,484  
378 ,28,80 ,0  ,1  ,484  
379 ,2 ,37 ,7  ,2  ,486  
380 ,36,2  ,4  ,2  ,488  
381 ,35,0  ,0  ,2  ,490  
382 ,28,222,0  ,1  ,381  
383 ,2 ,26 ,7  ,2  ,492  
384 ,12,0  ,10 ,0  ,1030 
385 ,22,0  ,2  ,2  ,494  
386 ,28,222,0  ,1  ,385  
387 ,2 ,12 ,0  ,2  ,496  
388 ,5 ,26 ,2  ,2  ,498  
389 ,12,0  ,11 ,0  ,1030 
390 ,12,0  ,11 ,0  ,1020 
391 ,2 ,0  ,0  ,2  ,500  
392 ,28,80 ,0  ,1  ,500  
393 ,2 ,12 ,4  ,2  ,502  
394 ,36,14 ,5  ,2  ,504  
395 ,2 ,0  ,0  ,2  ,506  
396 ,28,80 ,0  ,1  ,506  
397 ,2 ,13 ,1  ,2  ,508  
398 ,2 ,25 ,5  ,2  ,510  
399 ,2 ,43 ,3  ,2  ,512  
400 ,20,2  ,135,1  ,0    
401 ,7 ,22 ,2  ,2  ,514  
402 ,12,3  ,90 ,0  ,5017 
403 ,35,0  ,0  ,2  ,516  
404 ,28,222,0  ,1  ,403  
405 ,12,200,90 ,0  ,5027 
406 ,12,0  ,16 ,0  ,1030 
407 ,35,0  ,0  ,2  ,518  
408 ,33,4  ,0  ,2  ,520  
409 ,2 ,47 ,5  ,2  ,522  
410 ,12,0  ,17 ,0  ,1060 
411 ,1 ,1  ,0  ,10 ,524  
412 ,12,0  ,18 ,0  ,4127 
413 ,20,1  ,57 ,1  ,0    
414 ,12,0  ,18 ,0  ,4135 
415 ,12,201,90 ,0  ,5027 
416 ,12,0  ,19 ,0  ,4020 
417 ,12,0  ,19 ,0  ,4120 
418 ,12,0  ,19 ,0  ,4130 
419 ,12,0  ,19 ,0  ,4140 
420 ,3 ,79 ,0  ,2  ,534  
421 ,3 ,79 ,0  ,2  ,536  
422 ,12,0  ,19 ,0  ,4170 
423 ,12,0  ,19 ,0  ,4180 
424 ,12,0  ,19 ,0  ,4190 
425 ,12,0  ,19 ,0  ,4200 
426 ,12,0  ,19 ,0  ,4100 
427 ,12,0  ,19 ,0  ,4110 
428 ,12,0  ,19 ,0  ,4217 
429 ,12,0  ,19 ,0  ,4227 
430 ,29,0  ,0  ,2  ,538  
431 ,28,222,0  ,1  ,430  
432 ,2 ,16 ,0  ,2  ,540  
433 ,12,0  ,21 ,0  ,1040 
434 ,9 ,23 ,0  ,2  ,542  
435 ,2 ,16 ,1  ,2  ,544  
436 ,20,0  ,243,1  ,0    
437 ,12,0  ,22 ,0  ,5037 
438 ,22,0  ,2  ,2  ,546  
439 ,12,0  ,23 ,0  ,1020 
440 ,38,6  ,6  ,2  ,548  
441 ,7 ,22 ,7  ,2  ,550  
442 ,7 ,23 ,0  ,2  ,552  
443 ,12,0  ,15 ,0  ,4083 
444 ,12,0  ,15 ,0  ,4071 
445 ,12,0  ,15 ,0  ,4072 
446 ,12,0  ,15 ,0  ,4061 
447 ,12,0  ,15 ,0  ,4062 
448 ,2 ,26 ,1  ,2  ,554  
449 ,5 ,18 ,4  ,2  ,556  
450 ,2 ,0  ,2  ,2  ,558  
451 ,12,0  ,1  ,0  ,1100 
452 ,36,14 ,6  ,2  ,560  
453 ,36,2  ,0  ,2  ,562  
454 ,1 ,1  ,0  ,7  ,564  
455 ,12,0  ,2  ,0  ,4097 
456 ,2 ,39 ,4  ,2  ,571  
457 ,12,0  ,2  ,0  ,1030 
458 ,35,0  ,0  ,2  ,573  
459 ,2 ,29 ,6  ,2  ,575  
460 ,2 ,37 ,2  ,2  ,577  
461 ,12,0  ,3  ,0  ,1180 
462 ,22,0  ,2  ,2  ,579  
463 ,2 ,29 ,7  ,2  ,581  
464 ,12,200,90 ,0  ,5027 
465 ,12,0  ,4  ,0  ,1030 
466 ,22,0  ,2  ,2  ,583  
467 ,28,222,0  ,1  ,466  
468 ,2 ,4  ,0  ,2  ,585  
469 ,2 ,3  ,7  ,2  ,587  
470 ,12,0  ,5  ,0  ,1050 
471 ,12,0  ,5  ,0  ,1040 
472 ,29,0  ,0  ,2  ,589  
473 ,2 ,29 ,1  ,2  ,591  
474 ,2 ,5  ,5  ,2  ,593  
475 ,3 ,17 ,0  ,2  ,595  
476 ,22,0  ,2  ,2  ,597  
477 ,12,0  ,7  ,0  ,3060 
478 ,2 ,6  ,7  ,2  ,599  
479 ,12,0  ,7  ,0  ,1120 
480 ,2 ,37 ,4  ,2  ,601  
481 ,33,4  ,0  ,2  ,603  
482 ,2 ,26 ,4  ,2  ,605  
483 ,12,0  ,8  ,0  ,1220 
484 ,29,0  ,0  ,2  ,607  
485 ,28,222,0  ,1  ,484  
486 ,2 ,9  ,6  ,2  ,609  
487 ,12,0  ,9  ,0  ,1110 
488 ,20,1  ,123,1  ,0    
489 ,12,0  ,9  ,0  ,1020 
490 ,1 ,1  ,0  ,14 ,611  
491 ,12,0  ,10 ,0  ,4137 
492 ,2 ,33 ,5  ,2  ,625  
493 ,12,0  ,10 ,0  ,1090 
494 ,29,0  ,0  ,2  ,627  
495 ,2 ,29 ,4  ,2  ,629  
496 ,2 ,46 ,7  ,2  ,631  
497 ,13,1  ,1  ,2  ,633  
498 ,12,0  ,11 ,0  ,1040 
499 ,12,0  ,11 ,0  ,1100 
500 ,22,0  ,2  ,2  ,635  
501 ,28,222,0  ,1  ,500  
502 ,2 ,12 ,5  ,2  ,637  
503 ,12,0  ,12 ,0  ,1030 
504 ,12,0  ,12 ,0  ,1120 
505 ,12,0  ,12 ,0  ,1110 
506 ,22,0  ,2  ,2  ,639  
507 ,28,222,0  ,1  ,506  
508 ,2 ,13 ,2  ,2  ,641  
509 ,43,13 ,3  ,2  ,643  
510 ,20,1  ,141,1  ,0    
511 ,12,0  ,13 ,0  ,1166 
512 ,41,14 ,3  ,2  ,645  
513 ,12,206,90 ,0  ,5027 
514 ,2 ,41 ,6  ,2  ,647  
515 ,2 ,41 ,6  ,2  ,649  
516 ,1 ,1  ,0  ,12 ,651  
517 ,12,0  ,16 ,0  ,4147 
518 ,1 ,1  ,0  ,13 ,663  
519 ,12,0  ,17 ,0  ,4147 
520 ,20,1  ,151,1  ,0    
521 ,12,0  ,17 ,0  ,3076 
522 ,12,0  ,17 ,0  ,1080 
523 ,12,0  ,17 ,0  ,1070 
524 ,12,201,90 ,0  ,5027 
525 ,3 ,17 ,0  ,2  ,676  
526 ,3 ,17 ,0  ,2  ,678  
527 ,3 ,17 ,0  ,2  ,680  
528 ,12,0  ,18 ,0  ,4090 
529 ,12,0  ,18 ,0  ,4100 
530 ,12,0  ,18 ,0  ,4110 
531 ,12,0  ,18 ,0  ,4147 
532 ,12,0  ,18 ,0  ,4127 
533 ,12,0  ,18 ,0  ,4150 
534 ,12,0  ,19 ,0  ,4160 
535 ,12,0  ,19 ,0  ,4150 
536 ,12,0  ,19 ,0  ,4070 
537 ,12,0  ,19 ,0  ,4060 
538 ,1 ,1  ,0  ,10 ,682  
539 ,33,4  ,0  ,2  ,692  
540 ,12,200,90 ,0  ,5027 
541 ,12,0  ,21 ,0  ,1050 
542 ,2 ,0  ,0  ,2  ,694  
543 ,28,80 ,0  ,1  ,694  
544 ,2 ,16 ,2  ,2  ,696  
545 ,12,0  ,22 ,0  ,1020 
546 ,29,0  ,0  ,2  ,698  
547 ,2 ,23 ,4  ,2  ,700  
548 ,38,7  ,7  ,2  ,702  
549 ,7 ,22 ,7  ,2  ,704  
550 ,7 ,23 ,0  ,2  ,706  
551 ,12,0  ,15 ,0  ,4093 
552 ,12,0  ,15 ,0  ,4081 
553 ,12,0  ,15 ,0  ,4082 
554 ,22,0  ,2  ,2  ,708  
555 ,12,0  ,1  ,0  ,3030 
556 ,12,0  ,1  ,0  ,3020 
557 ,12,0  ,1  ,0  ,3070 
558 ,2 ,0  ,3  ,2  ,710  
559 ,12,0  ,1  ,0  ,1050 
560 ,12,0  ,1  ,0  ,1120 
561 ,12,0  ,1  ,0  ,1110 
562 ,12,0  ,1  ,0  ,1040 
563 ,12,0  ,1  ,0  ,1030 
564 ,12,201,90 ,0  ,5027 
565 ,12,0  ,2  ,0  ,4020 
566 ,12,0  ,2  ,0  ,4030 
567 ,12,0  ,2  ,0  ,4040 
568 ,3 ,17 ,0  ,2  ,712  
569 ,12,0  ,2  ,0  ,4097 
570 ,12,0  ,2  ,0  ,4107 
571 ,2 ,1  ,3  ,2  ,714  
572 ,2 ,39 ,5  ,2  ,716  
573 ,1 ,1  ,0  ,10 ,718  
574 ,12,0  ,3  ,0  ,4147 
575 ,2 ,34 ,7  ,2  ,728  
576 ,12,0  ,3  ,0  ,3036 
577 ,2 ,2  ,0  ,2  ,730  
578 ,12,0  ,3  ,0  ,1240 
579 ,35,0  ,0  ,2  ,732  
580 ,19,9  ,0  ,2  ,734  
581 ,20,1  ,206,1  ,0    
582 ,12,0  ,4  ,0  ,3026 
583 ,2 ,41 ,4  ,2  ,736  
584 ,2 ,22 ,3  ,2  ,738  
585 ,2 ,4  ,2  ,2  ,740  
586 ,2 ,3  ,7  ,2  ,742  
587 ,3 ,1  ,0  ,2  ,744  
588 ,3 ,1  ,0  ,2  ,746  
589 ,35,0  ,0  ,2  ,748  
590 ,2 ,29 ,1  ,2  ,750  
591 ,20,1  ,216,1  ,0    
592 ,33,4  ,0  ,2  ,752  
593 ,2 ,37 ,5  ,2  ,754  
594 ,12,0  ,6  ,0  ,1070 
595 ,12,0  ,6  ,0  ,1050 
596 ,7 ,14 ,7  ,2  ,756  
597 ,29,0  ,0  ,2  ,758  
598 ,2 ,28 ,6  ,2  ,760  
599 ,2 ,7  ,2  ,2  ,762  
600 ,2 ,28 ,6  ,2  ,764  
601 ,2 ,35 ,1  ,2  ,766  
602 ,12,0  ,8  ,0  ,3040 
603 ,20,1  ,224,1  ,0    
604 ,12,0  ,8  ,0  ,3026 
605 ,2 ,26 ,5  ,2  ,768  
606 ,36,18 ,6  ,2  ,770  
607 ,35,0  ,0  ,2  ,772  
608 ,33,4  ,0  ,2  ,774  
609 ,2 ,9  ,5  ,2  ,776  
610 ,43,9  ,8  ,2  ,778  
611 ,12,201,90 ,0  ,5027 
612 ,3 ,35 ,0  ,2  ,780  
613 ,12,0  ,10 ,0  ,4080 
614 ,3 ,17 ,0  ,2  ,782  
615 ,3 ,17 ,0  ,2  ,784  
616 ,12,0  ,10 ,0  ,4090 
617 ,12,0  ,10 ,0  ,4100 
618 ,12,0  ,10 ,0  ,4110 
619 ,12,0  ,10 ,0  ,4120 
620 ,12,0  ,10 ,0  ,4070 
621 ,12,0  ,10 ,0  ,4147 
622 ,12,0  ,10 ,0  ,4137 
623 ,12,0  ,10 ,0  ,4190 
624 ,12,0  ,10 ,0  ,4200 
625 ,2 ,10 ,7  ,2  ,786  
626 ,12,0  ,10 ,0  ,1130 
627 ,35,0  ,0  ,2  ,788  
628 ,2 ,6  ,2  ,2  ,790  
629 ,2 ,29 ,5  ,2  ,792  
630 ,33,4  ,0  ,2  ,794  
631 ,2 ,12 ,1  ,2  ,796  
632 ,12,0  ,11 ,0  ,1120 
633 ,12,0  ,11 ,0  ,1130 
634 ,12,0  ,11 ,0  ,1110 
635 ,29,0  ,0  ,2  ,798  
636 ,2 ,29 ,3  ,2  ,800  
637 ,2 ,12 ,6  ,2  ,802  
638 ,12,0  ,12 ,0  ,1040 
639 ,29,0  ,0  ,2  ,804  
640 ,2 ,29 ,4  ,2  ,806  
641 ,2 ,13 ,3  ,2  ,808  
642 ,12,0  ,13 ,0  ,1030 
643 ,12,0  ,13 ,0  ,1150 
644 ,12,0  ,13 ,0  ,1140 
645 ,41,14 ,5  ,2  ,810  
646 ,2 ,42 ,1  ,2  ,812  
647 ,12,205,90 ,0  ,5027 
648 ,2 ,14 ,4  ,2  ,814  
649 ,12,0  ,14 ,0  ,5097 
650 ,12,204,90 ,0  ,5027 
651 ,12,201,90 ,0  ,5027 
652 ,12,0  ,16 ,0  ,4060 
653 ,12,0  ,16 ,0  ,4070 
654 ,12,0  ,16 ,0  ,4080 
655 ,12,0  ,16 ,0  ,4090 
656 ,3 ,17 ,0  ,2  ,816  
657 ,3 ,17 ,0  ,2  ,818  
658 ,12,0  ,16 ,0  ,4120 
659 ,12,0  ,16 ,0  ,4130 
660 ,12,0  ,16 ,0  ,4147 
661 ,12,0  ,16 ,0  ,4157 
662 ,12,0  ,16 ,0  ,4180 
663 ,12,201,90 ,0  ,5027 
664 ,3 ,17 ,0  ,2  ,820  
665 ,12,201,90 ,0  ,5027 
666 ,12,201,90 ,0  ,5027 
667 ,12,201,90 ,0  ,5027 
668 ,26,6  ,2  ,2  ,822  
669 ,2 ,25 ,3  ,2  ,824  
670 ,12,201,90 ,0  ,5027 
671 ,12,0  ,17 ,0  ,4147 
672 ,12,201,90 ,0  ,5027 
673 ,12,0  ,17 ,0  ,4150 
674 ,12,0  ,17 ,0  ,4160 
675 ,12,0  ,17 ,0  ,4170 
676 ,12,0  ,18 ,0  ,4020 
677 ,12,0  ,18 ,0  ,4030 
678 ,12,0  ,18 ,0  ,4020 
679 ,12,0  ,18 ,0  ,4040 
680 ,12,0  ,18 ,0  ,4060 
681 ,12,0  ,18 ,0  ,4070 
682 ,12,201,90 ,0  ,5027 
683 ,3 ,17 ,0  ,2  ,826  
684 ,12,0  ,21 ,0  ,4110 
685 ,12,0  ,21 ,0  ,4120 
686 ,3 ,17 ,0  ,2  ,828  
687 ,3 ,17 ,0  ,2  ,830  
688 ,12,0  ,21 ,0  ,4130 
689 ,12,0  ,21 ,0  ,4140 
690 ,12,0  ,21 ,0  ,4150 
691 ,12,0  ,21 ,0  ,4160 
692 ,20,2  ,26 ,1  ,0    
693 ,12,0  ,21 ,0  ,3026 
694 ,29,0  ,0  ,2  ,832  
695 ,28,222,0  ,1  ,694  
696 ,12,200,90 ,0  ,5027 
697 ,12,0  ,22 ,0  ,1030 
698 ,35,0  ,0  ,2  ,834  
699 ,26,8  ,0  ,2  ,836  
700 ,20,2  ,34 ,1  ,0    
701 ,12,0  ,23 ,0  ,3027 
702 ,38,8  ,8  ,2  ,838  
703 ,7 ,22 ,7  ,2  ,840  
704 ,7 ,23 ,0  ,2  ,842  
705 ,12,0  ,15 ,0  ,4103 
706 ,12,0  ,15 ,0  ,4091 
707 ,12,0  ,15 ,0  ,4092 
708 ,29,0  ,0  ,2  ,844  
709 ,19,9  ,0  ,2  ,846  
710 ,2 ,44 ,5  ,2  ,848  
711 ,12,0  ,1  ,0  ,1060 
712 ,12,0  ,2  ,0  ,4050 
713 ,5 ,17 ,2  ,2  ,850  
714 ,2 ,1  ,4  ,2  ,852  
715 ,12,0  ,2  ,0  ,1060 
716 ,2 ,1  ,1  ,2  ,854  
717 ,36,18 ,5  ,2  ,856  
718 ,12,201,90 ,0  ,5027 
719 ,12,0  ,3  ,0  ,4020 
720 ,3 ,17 ,0  ,2  ,858  
721 ,12,0  ,3  ,0  ,4050 
722 ,12,0  ,3  ,0  ,4060 
723 ,12,0  ,3  ,0  ,4070 
724 ,3 ,17 ,0  ,2  ,860  
725 ,2 ,6  ,4  ,2  ,862  
726 ,12,0  ,3  ,0  ,4147 
727 ,12,0  ,3  ,0  ,4157 
728 ,20,1  ,202,1  ,0    
729 ,12,0  ,3  ,0  ,3046 
730 ,2 ,28 ,1  ,2  ,864  
731 ,12,0  ,3  ,0  ,1050 
732 ,1 ,1  ,0  ,22 ,866  
733 ,12,0  ,4  ,0  ,4227 
734 ,20,2  ,67 ,1  ,0    
735 ,12,0  ,4  ,0  ,4245 
736 ,2 ,41 ,5  ,2  ,888  
737 ,12,0  ,5  ,0  ,3190 
738 ,20,2  ,71 ,1  ,0    
739 ,12,0  ,5  ,0  ,3147 
740 ,2 ,4  ,3  ,2  ,890  
741 ,12,0  ,5  ,0  ,1120 
742 ,2 ,4  ,1  ,2  ,892  
743 ,12,0  ,5  ,0  ,1060 
744 ,12,0  ,5  ,0  ,1090 
745 ,12,0  ,5  ,0  ,1080 
746 ,12,0  ,5  ,0  ,1070 
747 ,12,0  ,5  ,0  ,1060 
748 ,1 ,1  ,0  ,19 ,894  
749 ,12,0  ,6  ,0  ,4167 
750 ,2 ,29 ,2  ,2  ,913  
751 ,12,0  ,6  ,0  ,3036 
752 ,20,1  ,216,1  ,0    
753 ,12,0  ,6  ,0  ,3027 
754 ,2 ,5  ,6  ,2  ,915  
755 ,12,0  ,6  ,0  ,1230 
756 ,36,18 ,2  ,2  ,917  
757 ,12,0  ,6  ,0  ,1160 
758 ,35,0  ,0  ,2  ,919  
759 ,2 ,28 ,5  ,2  ,921  
760 ,20,2  ,85 ,1  ,0    
761 ,33,4  ,0  ,2  ,923  
762 ,2 ,7  ,3  ,2  ,925  
763 ,43,7  ,9  ,2  ,927  
764 ,36,18 ,3  ,2  ,929  
765 ,12,0  ,7  ,0  ,1120 
766 ,35,0  ,0  ,2  ,931  
767 ,12,0  ,8  ,0  ,3030 
768 ,2 ,26 ,6  ,2  ,933  
769 ,12,0  ,8  ,0  ,1240 
770 ,12,0  ,8  ,0  ,1480 
771 ,12,0  ,8  ,0  ,1470 
772 ,1 ,1  ,0  ,13 ,935  
773 ,5 ,19 ,5  ,2  ,948  
774 ,20,2  ,95 ,1  ,0    
775 ,12,0  ,9  ,0  ,3026 
776 ,2 ,10 ,1  ,2  ,950  
777 ,5 ,25 ,6  ,2  ,952  
778 ,2 ,10 ,0  ,2  ,954  
779 ,2 ,9  ,7  ,2  ,956  
780 ,12,0  ,10 ,0  ,4030 
781 ,12,0  ,10 ,0  ,4020 
782 ,12,0  ,10 ,0  ,4150 
783 ,12,0  ,10 ,0  ,4160 
784 ,12,0  ,10 ,0  ,4170 
785 ,12,0  ,10 ,0  ,4180 
786 ,2 ,11 ,0  ,2  ,958  
787 ,12,0  ,10 ,0  ,1100 
788 ,1 ,1  ,0  ,12 ,960  
789 ,12,0  ,11 ,0  ,4187 
790 ,20,2  ,115,1  ,0    
791 ,12,0  ,11 ,0  ,3086 
792 ,2 ,22 ,3  ,2  ,972  
793 ,33,4  ,0  ,2  ,974  
794 ,12,0  ,11 ,0  ,3047 
795 ,12,0  ,11 ,0  ,3037 
796 ,2 ,24 ,2  ,2  ,976  
797 ,3 ,17 ,0  ,2  ,978  
798 ,35,0  ,0  ,2  ,980  
799 ,2 ,35 ,2  ,2  ,982  
800 ,20,2  ,123,1  ,0    
801 ,33,4  ,0  ,2  ,984  
802 ,2 ,35 ,3  ,2  ,986  
803 ,43,12 ,3  ,2  ,988  
804 ,35,0  ,0  ,2  ,990  
805 ,33,4  ,0  ,2  ,992  
806 ,2 ,29 ,5  ,2  ,994  
807 ,33,4  ,0  ,2  ,996  
808 ,2 ,38 ,0  ,2  ,998  
809 ,12,0  ,13 ,0  ,1040 
810 ,41,14 ,2  ,2  ,1000 
811 ,12,0  ,14 ,0  ,5167 
812 ,12,0  ,14 ,0  ,5157 
813 ,7 ,24 ,4  ,2  ,1002 
814 ,7 ,23 ,7  ,2  ,1004 
815 ,7 ,23 ,7  ,2  ,1006 
816 ,12,0  ,16 ,0  ,4160 
817 ,12,0  ,16 ,0  ,4100 
818 ,12,0  ,16 ,0  ,4170 
819 ,12,0  ,16 ,0  ,4110 
820 ,12,0  ,17 ,0  ,4080 
821 ,12,0  ,17 ,0  ,4090 
822 ,12,0  ,17 ,0  ,4060 
823 ,12,0  ,17 ,0  ,4050 
824 ,2 ,47 ,6  ,2  ,1008 
825 ,12,0  ,17 ,0  ,3050 
826 ,12,0  ,21 ,0  ,4020 
827 ,12,0  ,21 ,0  ,4100 
828 ,12,0  ,21 ,0  ,4040 
829 ,12,0  ,21 ,0  ,4050 
830 ,12,0  ,21 ,0  ,4060 
831 ,12,0  ,21 ,0  ,4070 
832 ,12,0  ,22 ,0  ,4020 
833 ,33,4  ,0  ,2  ,1010 
834 ,1 ,1  ,0  ,14 ,1012 
835 ,12,0  ,23 ,0  ,4197 
836 ,26,8  ,1  ,2  ,1026 
837 ,12,0  ,23 ,0  ,4076 
838 ,38,9  ,9  ,2  ,1028 
839 ,7 ,23 ,2  ,2  ,1030 
840 ,7 ,23 ,0  ,2  ,1032 
841 ,12,0  ,15 ,0  ,4113 
842 ,12,0  ,15 ,0  ,4101 
843 ,12,0  ,15 ,0  ,4102 
844 ,35,0  ,0  ,2  ,1034 
845 ,2 ,34 ,5  ,2  ,1036 
846 ,20,2  ,196,1  ,0    
847 ,5 ,18 ,1  ,2  ,1038 
848 ,2 ,0  ,4  ,2  ,1040 
849 ,12,0  ,1  ,0  ,1140 
850 ,12,0  ,2  ,0  ,4080 
851 ,12,0  ,2  ,0  ,4070 
852 ,12,200,90 ,0  ,5027 
853 ,3 ,17 ,0  ,2  ,1042 
854 ,12,0  ,2  ,0  ,1110 
855 ,2 ,39 ,2  ,2  ,1044 
856 ,20,2  ,204,1  ,0    
857 ,12,0  ,2  ,0  ,1100 
858 ,5 ,17 ,3  ,2  ,1046 
859 ,5 ,17 ,4  ,2  ,1048 
860 ,12,0  ,3  ,0  ,4080 
861 ,12,0  ,3  ,0  ,4090 
862 ,3 ,17 ,0  ,2  ,1050 
863 ,12,0  ,3  ,0  ,3020 
864 ,2 ,2  ,1  ,2  ,1052 
865 ,12,0  ,3  ,0  ,1190 
866 ,12,201,90 ,0  ,5027 
867 ,3 ,17 ,0  ,2  ,1054 
868 ,12,0  ,4  ,0  ,4180 
869 ,3 ,17 ,0  ,2  ,1056 
870 ,12,0  ,4  ,0  ,4250 
871 ,3 ,17 ,0  ,2  ,1058 
872 ,12,0  ,4  ,0  ,4260 
873 ,12,0  ,4  ,0  ,4190 
874 ,5 ,17 ,5  ,2  ,1060 
875 ,12,0  ,4  ,0  ,4090 
876 ,12,0  ,4  ,0  ,4100 
877 ,12,0  ,4  ,0  ,4110 
878 ,12,0  ,4  ,0  ,4120 
879 ,12,0  ,4  ,0  ,4130 
880 ,12,0  ,4  ,0  ,4140 
881 ,12,0  ,4  ,0  ,4150 
882 ,12,0  ,4  ,0  ,4160 
883 ,12,0  ,4  ,0  ,4170 
884 ,12,0  ,4  ,0  ,4210 
885 ,12,0  ,4  ,0  ,4237 
886 ,12,0  ,4  ,0  ,4227 
887 ,12,0  ,4  ,0  ,4270 
888 ,2 ,22 ,7  ,2  ,1062 
889 ,12,0  ,5  ,0  ,3200 
890 ,2 ,24 ,6  ,2  ,1064 
891 ,12,0  ,5  ,0  ,1130 
892 ,12,0  ,5  ,0  ,1110 
893 ,12,0  ,5  ,0  ,1100 
894 ,12,201,90 ,0  ,5027 
895 ,12,0  ,6  ,0  ,4190 
896 ,3 ,17 ,0  ,2  ,1066 
897 ,12,0  ,6  ,0  ,4120 
898 ,12,0  ,6  ,0  ,4040 
899 ,12,0  ,6  ,0  ,4130 
900 ,12,0  ,6  ,0  ,4050 
901 ,12,0  ,6  ,0  ,4140 
902 ,12,0  ,6  ,0  ,4060 
903 ,12,0  ,6  ,0  ,4070 
904 ,3 ,17 ,0  ,2  ,1068 
905 ,12,0  ,6  ,0  ,4200 
906 ,12,0  ,6  ,0  ,4100 
907 ,12,0  ,6  ,0  ,4110 
908 ,12,0  ,6  ,0  ,4157 
909 ,12,0  ,6  ,0  ,4177 
910 ,12,0  ,6  ,0  ,4187 
911 ,12,0  ,6  ,0  ,4167 
912 ,12,0  ,6  ,0  ,4210 
913 ,33,4  ,0  ,2  ,1070 
914 ,33,4  ,0  ,2  ,1072 
915 ,2 ,5  ,7  ,2  ,1074 
916 ,36,2  ,2  ,2  ,1076 
917 ,12,0  ,6  ,0  ,1220 
918 ,12,0  ,6  ,0  ,1200 
919 ,1 ,1  ,0  ,14 ,1078 
920 ,12,0  ,7  ,0  ,4137 
921 ,20,2  ,246,1  ,0    
922 ,33,4  ,0  ,2  ,1092 
923 ,20,2  ,85 ,1  ,0    
924 ,12,0  ,7  ,0  ,3027 
925 ,12,200,90 ,0  ,5027 
926 ,12,0  ,7  ,0  ,1080 
927 ,12,0  ,7  ,0  ,1070 
928 ,12,0  ,7  ,0  ,1060 
929 ,12,0  ,7  ,0  ,1140 
930 ,12,0  ,7  ,0  ,1130 
931 ,1 ,1  ,0  ,28 ,1094 
932 ,12,0  ,8  ,0  ,4357 
933 ,2 ,7  ,6  ,2  ,1122 
934 ,12,0  ,8  ,0  ,1250 
935 ,12,201,90 ,0  ,5027 
936 ,3 ,17 ,0  ,2  ,1124 
937 ,3 ,17 ,0  ,2  ,1126 
938 ,12,0  ,9  ,0  ,4060 
939 ,12,0  ,9  ,0  ,4110 
940 ,12,0  ,9  ,0  ,4070 
941 ,12,0  ,9  ,0  ,4080 
942 ,12,0  ,9  ,0  ,4090 
943 ,12,0  ,9  ,0  ,4100 
944 ,12,0  ,9  ,0  ,4147 
945 ,12,0  ,9  ,0  ,4157 
946 ,12,0  ,9  ,0  ,4127 
947 ,12,0  ,9  ,0  ,4137 
948 ,5 ,19 ,6  ,2  ,1128 
949 ,12,0  ,9  ,0  ,4127 
950 ,2 ,10 ,2  ,2  ,1130 
951 ,5 ,25 ,7  ,2  ,1132 
952 ,2 ,46 ,3  ,2  ,1134 
953 ,12,0  ,9  ,0  ,1120 
954 ,12,0  ,9  ,0  ,1070 
955 ,12,0  ,9  ,0  ,1060 
956 ,12,0  ,9  ,0  ,1050 
957 ,12,0  ,9  ,0  ,1040 
958 ,2 ,11 ,1  ,2  ,1136 
959 ,12,0  ,10 ,0  ,1050 
960 ,12,201,90 ,0  ,5027 
961 ,12,0  ,11 ,0  ,4020 
962 ,3 ,17 ,0  ,2  ,1138 
963 ,29,0  ,0  ,2  ,1140 
964 ,12,0  ,11 ,0  ,4070 
965 ,3 ,17 ,0  ,2  ,1142 
966 ,12,0  ,11 ,0  ,4100 
967 ,3 ,17 ,0  ,2  ,1144 
968 ,12,0  ,11 ,0  ,4170 
969 ,12,0  ,11 ,0  ,4197 
970 ,12,0  ,11 ,0  ,4187 
971 ,12,0  ,11 ,0  ,4200 
972 ,20,1  ,238,1  ,0    
973 ,12,0  ,11 ,0  ,3077 
974 ,12,0  ,11 ,0  ,3067 
975 ,12,0  ,11 ,0  ,3057 
976 ,2 ,12 ,2  ,2  ,1146 
977 ,12,0  ,11 ,0  ,1090 
978 ,12,0  ,11 ,0  ,1060 
979 ,12,0  ,11 ,0  ,1070 
980 ,1 ,1  ,0  ,8  ,1148 
981 ,12,0  ,12 ,0  ,4087 
982 ,20,3  ,30 ,1  ,0    
983 ,12,0  ,12 ,0  ,3066 
984 ,12,0  ,12 ,0  ,3037 
985 ,12,0  ,12 ,0  ,3027 
986 ,2 ,12 ,7  ,2  ,1156 
987 ,12,0  ,12 ,0  ,1130 
988 ,3 ,17 ,0  ,2  ,1158 
989 ,12,0  ,12 ,0  ,1050 
990 ,1 ,1  ,0  ,9  ,1160 
991 ,12,0  ,13 ,0  ,4097 
992 ,20,3  ,36 ,1  ,0    
993 ,12,0  ,13 ,0  ,3066 
994 ,20,2  ,127,1  ,0    
995 ,33,4  ,0  ,2  ,1169 
996 ,12,0  ,13 ,0  ,3037 
997 ,12,0  ,13 ,0  ,3027 
998 ,2 ,13 ,4  ,2  ,1171 
999 ,12,0  ,13 ,0  ,1170 
1000,2 ,44 ,4  ,2  ,1173 
1001,7 ,11 ,7  ,2  ,1175 
1002,12,0  ,14 ,0  ,1091 
1003,12,0  ,14 ,0  ,1092 
1004,7 ,24 ,0  ,2  ,1177 
1005,7 ,24 ,2  ,2  ,1179 
1006,7 ,24 ,0  ,2  ,1181 
1007,7 ,24 ,1  ,2  ,1183 
1008,2 ,47 ,7  ,2  ,1185 
1009,12,0  ,17 ,0  ,3080 
1010,20,3  ,64 ,1  ,0    
1011,12,0  ,22 ,0  ,3026 
1012,12,201,90 ,0  ,5027 
1013,12,0  ,23 ,0  ,4027 
1014,12,0  ,23 ,0  ,4090 
1015,12,0  ,23 ,0  ,4100 
1016,12,202,90 ,0  ,5027 
1017,12,0  ,23 ,0  ,4147 
1018,12,0  ,23 ,0  ,4157 
1019,12,0  ,23 ,0  ,4167 
1020,12,202,90 ,0  ,5027 
1021,12,0  ,23 ,0  ,4207 
1022,12,0  ,23 ,0  ,4197 
1023,12,0  ,23 ,0  ,4060 
1024,12,0  ,23 ,0  ,4110 
1025,12,0  ,23 ,0  ,4217 
1026,33,4  ,0  ,2  ,1187 
1027,12,0  ,23 ,0  ,4086 
1028,38,10 ,10 ,2  ,1189 
1029,7 ,23 ,2  ,2  ,1191 
1030,12,0  ,15 ,0  ,4121 
1031,12,0  ,15 ,0  ,4122 
1032,12,0  ,15 ,0  ,4111 
1033,12,0  ,15 ,0  ,4112 
1034,1 ,1  ,0  ,28 ,1193 
1035,12,0  ,1  ,0  ,4327 
1036,33,4  ,0  ,2  ,1221 
1037,12,0  ,1  ,0  ,3046 
1038,12,0  ,1  ,0  ,4375 
1039,12,0  ,1  ,0  ,4365 
1040,5 ,25 ,3  ,2  ,1223 
1041,12,0  ,1  ,0  ,1150 
1042,2 ,44 ,6  ,2  ,1225 
1043,12,0  ,2  ,0  ,1080 
1044,12,0  ,2  ,0  ,1050 
1045,12,0  ,2  ,0  ,1120 
1046,12,0  ,3  ,0  ,4030 
1047,12,0  ,3  ,0  ,4120 
1048,12,0  ,3  ,0  ,4040 
1049,12,0  ,3  ,0  ,4130 
1050,12,0  ,3  ,0  ,4100 
1051,12,0  ,3  ,0  ,4110 
1052,2 ,30 ,0  ,2  ,1227 
1053,3 ,17 ,0  ,2  ,1229 
1054,12,0  ,4  ,0  ,4020 
1055,12,0  ,4  ,0  ,4030 
1056,12,0  ,4  ,0  ,4040 
1057,12,0  ,4  ,0  ,4050 
1058,12,0  ,4  ,0  ,4060 
1059,12,0  ,4  ,0  ,4070 
1060,12,0  ,4  ,0  ,4080 
1061,12,0  ,4  ,0  ,4200 
1062,36,3  ,2  ,2  ,1231 
1063,36,3  ,2  ,2  ,1233 
1064,2 ,45 ,1  ,2  ,1235 
1065,12,0  ,5  ,0  ,1190 
1066,12,0  ,6  ,0  ,4020 
1067,12,0  ,6  ,0  ,4030 
1068,12,0  ,6  ,0  ,4080 
1069,12,0  ,6  ,0  ,4090 
1070,20,2  ,77 ,1  ,0    
1071,12,0  ,6  ,0  ,3066 
1072,12,0  ,6  ,0  ,3056 
1073,12,0  ,6  ,0  ,3046 
1074,2 ,5  ,4  ,2  ,1237 
1075,3 ,17 ,0  ,2  ,1239 
1076,12,0  ,6  ,0  ,1090 
1077,12,0  ,6  ,0  ,1080 
1078,12,201,90 ,0  ,5027 
1079,12,0  ,7  ,0  ,4020 
1080,12,0  ,7  ,0  ,4070 
1081,12,0  ,7  ,0  ,4080 
1082,12,0  ,7  ,0  ,4150 
1083,12,0  ,7  ,0  ,4040 
1084,12,0  ,7  ,0  ,4090 
1085,12,0  ,7  ,0  ,4100 
1086,12,0  ,7  ,0  ,4110 
1087,12,0  ,7  ,0  ,4060 
1088,12,0  ,7  ,0  ,4120 
1089,12,0  ,7  ,0  ,4137 
1090,12,0  ,7  ,0  ,4147 
1091,12,0  ,7  ,0  ,4160 
1092,12,0  ,7  ,0  ,3056 
1093,12,0  ,7  ,0  ,3046 
1094,12,201,90 ,0  ,5027 
1095,3 ,17 ,0  ,2  ,1241 
1096,12,0  ,8  ,0  ,4220 
1097,12,0  ,8  ,0  ,4230 
1098,12,0  ,8  ,0  ,4040 
1099,12,0  ,8  ,0  ,4050 
1100,3 ,17 ,0  ,2  ,1243 
1101,12,0  ,8  ,0  ,4080 
1102,12,0  ,8  ,0  ,4090 
1103,12,0  ,8  ,0  ,4100 
1104,12,0  ,8  ,0  ,4240 
1105,12,0  ,8  ,0  ,4250 
1106,12,0  ,8  ,0  ,4380 
1107,12,0  ,8  ,0  ,4260 
1108,12,0  ,8  ,0  ,4270 
1109,12,0  ,8  ,0  ,4280 
1110,12,0  ,8  ,0  ,4290 
1111,12,0  ,8  ,0  ,4300 
1112,12,0  ,8  ,0  ,4140 
1113,12,0  ,8  ,0  ,4150 
1114,12,0  ,8  ,0  ,4310 
1115,12,0  ,8  ,0  ,4320 
1116,12,0  ,8  ,0  ,4180 
1117,12,0  ,8  ,0  ,4330 
1118,12,0  ,8  ,0  ,4190 
1119,12,0  ,8  ,0  ,4340 
1120,12,0  ,8  ,0  ,4367 
1121,12,0  ,8  ,0  ,4357 
1122,2 ,8  ,0  ,2  ,1245 
1123,3 ,17 ,0  ,2  ,1247 
1124,12,0  ,9  ,0  ,4020 
1125,12,0  ,9  ,0  ,4030 
1126,12,0  ,9  ,0  ,4040 
1127,12,0  ,9  ,0  ,4050 
1128,20,3  ,4  ,1  ,0    
1129,12,0  ,9  ,0  ,4137 
1130,2 ,10 ,3  ,2  ,1249 
1131,12,0  ,9  ,0  ,1090 
1132,12,0  ,9  ,0  ,1080 
1133,12,0  ,9  ,0  ,1130 
1134,12,0  ,9  ,0  ,1120 
1135,12,0  ,9  ,0  ,1030 
1136,2 ,11 ,2  ,2  ,1251 
1137,36,15 ,2  ,2  ,1253 
1138,12,0  ,11 ,0  ,4030 
1139,12,0  ,11 ,0  ,4040 
1140,2 ,17 ,6  ,2  ,1255 
1141,7 ,25 ,2  ,2  ,1257 
1142,12,0  ,11 ,0  ,4080 
1143,36,17 ,6  ,2  ,1259 
1144,12,0  ,11 ,0  ,4110 
1145,12,0  ,11 ,0  ,4120 
1146,12,200,90 ,0  ,5027 
1147,12,0  ,11 ,0  ,1080 
1148,12,201,90 ,0  ,5027 
1149,12,0  ,12 ,0  ,4060 
1150,12,0  ,12 ,0  ,4070 
1151,12,0  ,12 ,0  ,4030 
1152,12,0  ,12 ,0  ,4040 
1153,12,0  ,12 ,0  ,4050 
1154,12,0  ,12 ,0  ,4087 
1155,12,0  ,12 ,0  ,4097 
1156,2 ,13 ,0  ,2  ,1261 
1157,12,0  ,12 ,0  ,1080 
1158,12,0  ,12 ,0  ,1060 
1159,12,0  ,12 ,0  ,1070 
1160,12,201,90 ,0  ,5027 
1161,12,0  ,13 ,0  ,4050 
1162,12,0  ,13 ,0  ,4060 
1163,12,0  ,13 ,0  ,4030 
1164,12,0  ,13 ,0  ,4070 
1165,12,0  ,13 ,0  ,4040 
1166,12,0  ,13 ,0  ,4080 
1167,12,0  ,13 ,0  ,4097 
1168,12,0  ,13 ,0  ,4107 
1169,12,0  ,13 ,0  ,3057 
1170,12,0  ,13 ,0  ,3047 
1171,2 ,13 ,6  ,2  ,1263 
1172,43,13 ,3  ,2  ,1265 
1173,41,14 ,4  ,2  ,1267 
1174,12,207,90 ,0  ,5027 
1175,2 ,14 ,7  ,2  ,1269 
1176,22,0  ,3  ,2  ,1271 
1177,2 ,14 ,6  ,2  ,1273 
1178,2 ,43 ,2  ,2  ,1275 
1179,12,0  ,14 ,0  ,5101 
1180,12,0  ,14 ,0  ,5102 
1181,7 ,24 ,1  ,2  ,1277 
1182,7 ,24 ,1  ,2  ,1279 
1183,7 ,10 ,3  ,2  ,1281 
1184,12,0  ,14 ,0  ,1064 
1185,12,0  ,17 ,0  ,3040 
1186,12,0  ,17 ,0  ,3090 
1187,20,2  ,186,1  ,0    
1188,12,0  ,23 ,0  ,3036 
1189,12,213,90 ,0  ,5027 
1190,7 ,23 ,2  ,2  ,1283 
1191,12,0  ,15 ,0  ,4131 
1192,12,0  ,15 ,0  ,4132 
1193,12,201,90 ,0  ,5027 
1194,12,0  ,1  ,0  ,4220 
1195,12,0  ,1  ,0  ,4230 
1196,3 ,17 ,0  ,2  ,1285 
1197,12,0  ,1  ,0  ,4040 
1198,12,0  ,1  ,0  ,4050 
1199,12,0  ,1  ,0  ,4260 
1200,12,0  ,1  ,0  ,4270 
1201,3 ,79 ,0  ,2  ,1287 
1202,12,0  ,1  ,0  ,4280 
1203,12,0  ,1  ,0  ,4090 
1204,12,0  ,1  ,0  ,4290 
1205,12,0  ,1  ,0  ,4100 
1206,12,0  ,1  ,0  ,4110 
1207,12,0  ,1  ,0  ,4120 
1208,12,0  ,1  ,0  ,4130 
1209,12,0  ,1  ,0  ,4330 
1210,12,0  ,1  ,0  ,4300 
1211,12,0  ,1  ,0  ,4310 
1212,3 ,79 ,0  ,2  ,1289 
1213,12,0  ,1  ,0  ,4170 
1214,36,6  ,0  ,2  ,1291 
1215,29,0  ,0  ,2  ,1293 
1216,12,0  ,1  ,0  ,4327 
1217,12,0  ,1  ,0  ,4357 
1218,12,0  ,1  ,0  ,4347 
1219,12,0  ,1  ,0  ,4380 
1220,12,0  ,1  ,0  ,4390 
1221,20,3  ,76 ,1  ,0    
1222,12,0  ,1  ,0  ,3066 
1223,2 ,0  ,5  ,2  ,1295 
1224,20,4  ,17 ,1  ,0    
1225,12,0  ,2  ,0  ,1070 
1226,12,0  ,2  ,0  ,1130 
1227,2 ,30 ,1  ,2  ,1297 
1228,12,0  ,3  ,0  ,1200 
1229,12,0  ,3  ,0  ,1060 
1230,12,0  ,3  ,0  ,1070 
1231,2 ,24 ,7  ,2  ,1299 
1232,22,0  ,2  ,2  ,1301 
1233,12,0  ,5  ,0  ,3060 
1234,12,0  ,5  ,0  ,3050 
1235,2 ,4  ,4  ,2  ,1303 
1236,12,0  ,5  ,0  ,3210 
1237,2 ,25 ,0  ,2  ,1305 
1238,12,0  ,6  ,0  ,1130 
1239,12,0  ,6  ,0  ,1100 
1240,2 ,45 ,7  ,2  ,1307 
1241,12,0  ,8  ,0  ,4200 
1242,36,19 ,2  ,2  ,1309 
1243,12,0  ,8  ,0  ,4060 
1244,12,0  ,8  ,0  ,4070 
1245,2 ,25 ,2  ,2  ,1311 
1246,12,0  ,8  ,0  ,1060 
1247,12,0  ,8  ,0  ,1040 
1248,36,18 ,6  ,2  ,1313 
1249,12,200,90 ,0  ,5027 
1250,5 ,26 ,0  ,2  ,1315 
1251,2 ,11 ,3  ,2  ,1317 
1252,12,0  ,10 ,0  ,1070 
1253,12,0  ,10 ,0  ,1120 
1254,12,0  ,10 ,0  ,1110 
1255,12,0  ,11 ,0  ,4060 
1256,12,0  ,11 ,0  ,3020 
1257,20,4  ,116,1  ,0    
1258,12,203,90 ,0  ,5027 
1259,12,0  ,11 ,0  ,4160 
1260,12,0  ,11 ,0  ,4150 
1261,12,200,90 ,0  ,5027 
1262,36,11 ,0  ,2  ,1319 
1263,2 ,46 ,6  ,2  ,1321 
1264,12,0  ,13 ,0  ,1080 
1265,2 ,13 ,5  ,2  ,1323 
1266,12,0  ,13 ,0  ,1050 
1267,41,14 ,7  ,2  ,1325 
1268,12,0  ,14 ,0  ,5067 
1269,12,0  ,14 ,0  ,5047 
1270,12,0  ,14 ,0  ,1057 
1271,20,4  ,151,1  ,0    
1272,12,0  ,14 ,0  ,5087 
1273,2 ,43 ,2  ,2  ,1327 
1274,7 ,24 ,3  ,2  ,1329 
1275,7 ,24 ,3  ,2  ,1331 
1276,7 ,24 ,3  ,2  ,1333 
1277,7 ,10 ,3  ,2  ,1335 
1278,12,0  ,14 ,0  ,1084 
1279,7 ,10 ,3  ,2  ,1337 
1280,12,0  ,14 ,0  ,1074 
1281,7 ,10 ,4  ,2  ,1339 
1282,12,0  ,14 ,0  ,1063 
1283,12,0  ,15 ,0  ,4141 
1284,12,0  ,15 ,0  ,4142 
1285,12,0  ,1  ,0  ,4240 
1286,12,0  ,1  ,0  ,4250 
1287,12,0  ,1  ,0  ,4080 
1288,12,0  ,1  ,0  ,4070 
1289,12,0  ,1  ,0  ,4160 
1290,12,0  ,1  ,0  ,4150 
1291,36,6  ,1  ,2  ,1341 
1292,12,0  ,1  ,0  ,4180 
1293,20,5  ,63 ,1  ,0    
1294,2 ,34 ,6  ,2  ,1343 
1295,12,200,90 ,0  ,5027 
1296,12,0  ,1  ,0  ,1080 
1297,2 ,2  ,3  ,2  ,1345 
1298,12,0  ,3  ,0  ,1210 
1299,5 ,14 ,2  ,2  ,1347 
1300,3 ,17 ,0  ,2  ,1349 
1301,20,5  ,71 ,1  ,0    
1302,19,9  ,0  ,2  ,1351 
1303,2 ,38 ,1  ,2  ,1353 
1304,7 ,2  ,1  ,2  ,1355 
1305,2 ,6  ,1  ,2  ,1357 
1306,12,0  ,6  ,0  ,1190 
1307,2 ,47 ,0  ,2  ,1359 
1308,12,0  ,6  ,0  ,1240 
1309,12,0  ,8  ,0  ,4210 
1310,12,0  ,8  ,0  ,4370 
1311,2 ,8  ,1  ,2  ,1361 
1312,36,18 ,7  ,2  ,1363 
1313,12,0  ,8  ,0  ,1500 
1314,12,0  ,8  ,0  ,1490 
1315,2 ,46 ,4  ,2  ,1365 
1316,12,0  ,9  ,0  ,1120 
1317,12,200,90 ,0  ,5027 
1318,12,0  ,10 ,0  ,1080 
1319,12,0  ,12 ,0  ,1100 
1320,12,0  ,12 ,0  ,1090 
1321,2 ,13 ,7  ,2  ,1367 
1322,12,0  ,13 ,0  ,1200 
1323,2 ,46 ,5  ,2  ,1369 
1324,12,0  ,13 ,0  ,1060 
1325,41,14 ,8  ,2  ,1371 
1326,7 ,23 ,1  ,2  ,1373 
1327,7 ,24 ,3  ,2  ,1375 
1328,7 ,24 ,3  ,2  ,1377 
1329,7 ,10 ,1  ,2  ,1379 
1330,12,0  ,14 ,0  ,1034 
1331,7 ,10 ,1  ,2  ,1381 
1332,12,0  ,14 ,0  ,5122 
1333,7 ,10 ,1  ,2  ,1383 
1334,12,0  ,14 ,0  ,5112 
1335,7 ,10 ,4  ,2  ,1385 
1336,12,0  ,14 ,0  ,1083 
1337,7 ,10 ,4  ,2  ,1387 
1338,12,0  ,14 ,0  ,1073 
1339,12,0  ,14 ,0  ,1061 
1340,12,0  ,14 ,0  ,1062 
1341,12,0  ,1  ,0  ,4200 
1342,12,0  ,1  ,0  ,4190 
1343,12,0  ,1  ,0  ,4210 
1344,12,0  ,1  ,0  ,3056 
1345,29,0  ,0  ,2  ,1389 
1346,12,0  ,3  ,0  ,1090 
1347,2 ,27 ,6  ,2  ,1391 
1348,2 ,27 ,6  ,2  ,1393 
1349,12,0  ,5  ,0  ,3120 
1350,2 ,45 ,2  ,2  ,1395 
1351,12,0  ,5  ,0  ,4040 
1352,12,0  ,5  ,0  ,4215 
1353,2 ,4  ,6  ,2  ,1397 
1354,12,0  ,5  ,0  ,1220 
1355,12,0  ,5  ,0  ,1150 
1356,12,0  ,5  ,0  ,1140 
1357,2 ,37 ,3  ,2  ,1399 
1358,12,0  ,6  ,0  ,1140 
1359,12,0  ,6  ,0  ,1120 
1360,12,0  ,6  ,0  ,1250 
1361,2 ,30 ,4  ,2  ,1401 
1362,12,0  ,8  ,0  ,1270 
1363,12,0  ,8  ,0  ,1520 
1364,12,0  ,8  ,0  ,1510 
1365,5 ,26 ,1  ,2  ,1403 
1366,12,0  ,9  ,0  ,1140 
1367,2 ,14 ,0  ,2  ,1405 
1368,12,0  ,13 ,0  ,1090 
1369,5 ,26 ,3  ,2  ,1407 
1370,12,0  ,13 ,0  ,1180 
1371,12,210,90 ,0  ,5027 
1372,7 ,23 ,3  ,2  ,1409 
1373,2 ,0  ,0  ,2  ,1411 
1374,12,208,90 ,0  ,5027 
1375,7 ,10 ,1  ,2  ,1413 
1376,12,0  ,14 ,0  ,5144 
1377,7 ,10 ,1  ,2  ,1415 
1378,12,0  ,14 ,0  ,5134 
1379,7 ,10 ,2  ,2  ,1417 
1380,12,0  ,14 ,0  ,1033 
1381,12,0  ,14 ,0  ,5121 
1382,12,0  ,14 ,0  ,5122 
1383,12,0  ,14 ,0  ,5111 
1384,12,0  ,14 ,0  ,5112 
1385,12,0  ,14 ,0  ,1081 
1386,12,0  ,14 ,0  ,1082 
1387,12,0  ,14 ,0  ,1071 
1388,12,0  ,14 ,0  ,1072 
1389,9 ,2  ,4  ,2  ,1419 
1390,2 ,43 ,6  ,2  ,1421 
1391,29,0  ,0  ,2  ,1423 
1392,12,0  ,5  ,0  ,3100 
1393,12,0  ,5  ,0  ,4190 
1394,12,0  ,5  ,0  ,3150 
1395,2 ,45 ,3  ,2  ,1425 
1396,12,0  ,5  ,0  ,3220 
1397,2 ,4  ,7  ,2  ,1427 
1398,12,0  ,5  ,0  ,1200 
1399,2 ,6  ,3  ,2  ,1429 
1400,12,0  ,6  ,0  ,1210 
1401,2 ,35 ,4  ,2  ,1431 
1402,12,0  ,8  ,0  ,1280 
1403,12,0  ,9  ,0  ,1100 
1404,12,0  ,9  ,0  ,1150 
1405,2 ,14 ,1  ,2  ,1433 
1406,12,0  ,13 ,0  ,1100 
1407,12,0  ,13 ,0  ,1070 
1408,12,0  ,13 ,0  ,1190 
1409,2 ,0  ,0  ,2  ,1435 
1410,12,209,90 ,0  ,5027 
1411,7 ,24 ,7  ,2  ,1437 
1412,12,0  ,14 ,0  ,1107 
1413,7 ,10 ,2  ,2  ,1439 
1414,12,0  ,14 ,0  ,5143 
1415,7 ,10 ,2  ,2  ,1441 
1416,12,0  ,14 ,0  ,5133 
1417,12,0  ,14 ,0  ,1031 
1418,12,0  ,14 ,0  ,1032 
1419,2 ,2  ,5  ,2  ,1443 
1420,3 ,17 ,0  ,2  ,1445 
1421,2 ,43 ,7  ,2  ,1447 
1422,12,0  ,3  ,0  ,1276 
1423,22,0  ,2  ,2  ,1449 
1424,33,4  ,0  ,2  ,1451 
1425,2 ,45 ,4  ,2  ,1453 
1426,12,0  ,5  ,0  ,3230 
1427,2 ,24 ,2  ,2  ,1455 
1428,12,0  ,5  ,0  ,1170 
1429,12,200,90 ,0  ,5027 
1430,12,0  ,6  ,0  ,1150 
1431,2 ,8  ,4  ,2  ,1457 
1432,3 ,17 ,0  ,2  ,1459 
1433,2 ,14 ,2  ,2  ,1461 
1434,43,13 ,3  ,2  ,1463 
1435,7 ,23 ,4  ,2  ,1465 
1436,12,0  ,14 ,0  ,1047 
1437,7 ,24 ,6  ,2  ,1467 
1438,12,0  ,14 ,0  ,4034 
1439,12,0  ,14 ,0  ,5141 
1440,12,0  ,14 ,0  ,5142 
1441,12,0  ,14 ,0  ,5131 
1442,12,0  ,14 ,0  ,5132 
1443,2 ,2  ,6  ,2  ,1469 
1444,3 ,17 ,0  ,2  ,1471 
1445,12,0  ,3  ,0  ,1100 
1446,12,0  ,3  ,0  ,1110 
1447,20,5  ,109,1  ,0    
1448,12,0  ,3  ,0  ,1286 
1449,35,0  ,0  ,2  ,1473 
1450,19,9  ,0  ,2  ,1475 
1451,20,5  ,143,1  ,0    
1452,12,0  ,5  ,0  ,3176 
1453,2 ,45 ,5  ,2  ,1477 
1454,12,0  ,5  ,0  ,3240 
1455,2 ,5  ,0  ,2  ,1479 
1456,12,0  ,5  ,0  ,1210 
1457,2 ,35 ,5  ,2  ,1481 
1458,36,18 ,6  ,2  ,1483 
1459,12,0  ,8  ,0  ,1310 
1460,2 ,46 ,0  ,2  ,1485 
1461,12,200,90 ,0  ,5027 
1462,12,0  ,13 ,0  ,1130 
1463,12,0  ,13 ,0  ,1120 
1464,12,0  ,13 ,0  ,1110 
1465,12,0  ,14 ,0  ,4021 
1466,12,0  ,14 ,0  ,4022 
1467,7 ,24 ,5  ,2  ,1487 
1468,12,0  ,14 ,0  ,4033 
1469,2 ,2  ,7  ,2  ,1489 
1470,3 ,17 ,0  ,2  ,1491 
1471,12,0  ,3  ,0  ,1120 
1472,12,0  ,3  ,0  ,1130 
1473,1 ,1  ,0  ,17 ,1493 
1474,12,0  ,5  ,0  ,4207 
1475,20,5  ,169,1  ,0    
1476,12,0  ,5  ,0  ,4225 
1477,2 ,45 ,6  ,2  ,1510 
1478,12,0  ,5  ,0  ,3250 
1479,12,200,90 ,0  ,5027 
1480,12,0  ,5  ,0  ,1180 
1481,2 ,9  ,1  ,2  ,1512 
1482,36,19 ,1  ,2  ,1514 
1483,12,0  ,8  ,0  ,1540 
1484,12,0  ,8  ,0  ,1530 
1485,12,0  ,8  ,0  ,1570 
1486,12,0  ,8  ,0  ,1320 
1487,12,0  ,14 ,0  ,4031 
1488,12,0  ,14 ,0  ,4032 
1489,2 ,44 ,7  ,2  ,1516 
1490,13,1  ,5  ,2  ,1518 
1491,12,0  ,3  ,0  ,1140 
1492,12,0  ,3  ,0  ,1150 
1493,12,201,90 ,0  ,5027 
1494,12,0  ,5  ,0  ,4050 
1495,12,0  ,5  ,0  ,4060 
1496,12,0  ,5  ,0  ,4070 
1497,12,0  ,5  ,0  ,4080 
1498,12,0  ,5  ,0  ,4090 
1499,3 ,17 ,0  ,2  ,1520 
1500,12,0  ,5  ,0  ,4120 
1501,12,0  ,5  ,0  ,4130 
1502,12,0  ,5  ,0  ,4140 
1503,12,0  ,5  ,0  ,4150 
1504,12,0  ,5  ,0  ,4160 
1505,12,0  ,5  ,0  ,4170 
1506,12,0  ,5  ,0  ,4180 
1507,12,0  ,5  ,0  ,4237 
1508,12,0  ,5  ,0  ,4207 
1509,12,202,90 ,0  ,5027 
1510,12,200,90 ,0  ,5027 
1511,12,0  ,5  ,0  ,3260 
1512,2 ,35 ,6  ,2  ,1522 
1513,36,15 ,1  ,2  ,1524 
1514,12,0  ,8  ,0  ,1330 
1515,12,0  ,8  ,0  ,1550 
1516,2 ,16 ,3  ,2  ,1526 
1517,12,0  ,3  ,0  ,1300 
1518,5 ,25 ,5  ,2  ,1528 
1519,12,0  ,3  ,0  ,1290 
1520,12,0  ,5  ,0  ,4100 
1521,12,0  ,5  ,0  ,4110 
1522,2 ,35 ,7  ,2  ,1530 
1523,12,0  ,8  ,0  ,1340 
1524,20,5  ,232,1  ,0    
1525,12,0  ,8  ,0  ,1290 
1526,12,200,90 ,0  ,5027 
1527,12,0  ,3  ,0  ,1170 
1528,12,0  ,3  ,0  ,1160 
1529,12,0  ,3  ,0  ,1170 
1530,2 ,9  ,0  ,2  ,1532 
1531,12,0  ,8  ,0  ,1350 
1532,2 ,36 ,0  ,2  ,1534 
1533,3 ,17 ,0  ,2  ,1536 
1534,2 ,36 ,1  ,2  ,1538 
1535,12,0  ,8  ,0  ,1380 
1536,12,0  ,8  ,0  ,1360 
1537,12,0  ,8  ,0  ,1370 
1538,2 ,8  ,5  ,2  ,1540 
1539,12,0  ,8  ,0  ,1390 
1540,2 ,8  ,6  ,2  ,1542 
1541,12,0  ,8  ,0  ,1130 
1542,2 ,46 ,1  ,2  ,1544 
1543,12,0  ,8  ,0  ,1140 
1544,2 ,36 ,2  ,2  ,1546 
1545,12,0  ,8  ,0  ,1580 
1546,2 ,36 ,3  ,2  ,1548 
1547,12,0  ,8  ,0  ,1400 
1548,2 ,46 ,2  ,2  ,1550 
1549,12,0  ,8  ,0  ,1600 
1550,2 ,36 ,4  ,2  ,1552 
1551,12,0  ,8  ,0  ,1590 
1552,2 ,36 ,5  ,2  ,1554 
1553,12,0  ,8  ,0  ,1420 
1554,2 ,36 ,6  ,2  ,1556 
1555,12,0  ,8  ,0  ,1430 
1556,2 ,36 ,7  ,2  ,1558 
1557,12,0  ,8  ,0  ,1440 
1558,2 ,37 ,0  ,2  ,1560 
1559,12,0  ,8  ,0  ,1450 
1560,2 ,7  ,7  ,2  ,1562 
1561,12,0  ,8  ,0  ,1460 
1562,2 ,8  ,2  ,2  ,1564 
1563,12,0  ,8  ,0  ,1200 
1564,2 ,9  ,4  ,2  ,1566 
1565,12,0  ,8  ,0  ,1120 
1566,12,200,90 ,0  ,5027 
1567,12,0  ,8  ,0  ,1210 
